DBRep_DrawableShape

CASCADE Topology V1, (c) Matra-Datavision
Locations 256
1
              1               0              -0               0 
             -0 2.22044604925031e-16              -1               0 
              0               1 2.22044604925031e-16               0 
1
              1               0              -0               0 
             -0 2.22044604925031e-16              -1               0 
              0               1 2.22044604925031e-16               0 
1
              1               0               0               0 
              0 -2.22044604925031e-16              -1               0 
              0               1 -2.22044604925031e-16               0 
1
              1               0               0               0 
              0               1               0               0 
              0               0               1               0 
2  2 1 3 -1 4 1 0
2  1 -1 4 -1 3 1 2 -1 0
1
             -1               0               0              -0 
              0              -1 4.44089209850062e-16 1.11022302462516e-14 
              0 4.44089209850062e-16               1              25 
2  7 1 3 -1 4 1 0
2  2 1 7 -1 0
2  3 1 7 -1 0
2  1 -1 4 -1 3 1 7 -1 0
1
-0.309016994374947 -2.11176968422134e-16 -0.951056516295154               0 
2.11176968422134e-16               1 -2.90660161356137e-16               0 
0.951056516295154 -2.90660161356137e-16 -0.309016994374947 7.88860905221012e-31 
2  7 1 3 -1 12 1 0
2  2 1 3 -1 4 1 12 -1 3 1 7 -1 0
2  1 -1 12 -1 3 1 7 -1 0
1
-0.669130606358858 -1.65011299175209e-16 -0.743144825477394               0 
1.65011299175209e-16               1 -3.70621446057231e-16               0 
0.743144825477394 -3.70621446057231e-16 -0.669130606358858               0 
2  7 1 3 -1 16 1 0
2  2 1 3 -1 4 1 16 -1 3 1 7 -1 0
2  1 -1 16 -1 3 1 7 -1 0
1
-0.809016994374947 -1.30514544126042e-16 -0.587785252292473               0 
1.30514544126042e-16               1 -4.01682463818653e-16               0 
0.587785252292473 -4.01682463818653e-16 -0.809016994374947 7.88860905221012e-31 
2  7 1 3 -1 20 1 0
2  2 1 3 -1 4 1 20 -1 3 1 7 -1 0
2  1 -1 20 -1 3 1 7 -1 0
1
             -1 2.71926214689378e-32 1.22464679914735e-16               0 
-2.71926214689378e-32               1 -4.44089209850063e-16               0 
-1.22464679914735e-16 -4.44089209850063e-16              -1               0 
2  7 1 3 -1 24 1 0
2  2 1 3 -1 4 1 24 -1 3 1 7 -1 0
2  1 -1 24 -1 3 1 7 -1 0
1
-0.669130606358858 1.65011299175209e-16 0.743144825477394               0 
-1.65011299175209e-16               1 -3.70621446057231e-16               0 
-0.743144825477394 -3.70621446057231e-16 -0.669130606358858               0 
2  7 1 3 -1 28 1 0
2  2 1 3 -1 4 1 28 -1 3 1 7 -1 0
2  1 -1 28 -1 3 1 7 -1 0
1
-0.809016994374947 1.30514544126042e-16 0.587785252292473               0 
-1.30514544126042e-16               1 -4.01682463818653e-16               0 
-0.587785252292473 -4.01682463818653e-16 -0.809016994374947 7.88860905221012e-31 
2  7 1 3 -1 32 1 0
2  2 1 3 -1 4 1 32 -1 3 1 7 -1 0
2  1 -1 32 -1 3 1 7 -1 0
1
-0.978147600733806 4.61656692469247e-17 0.20791169081776               0 
-4.61656692469247e-17               1 -4.39237002488336e-16               0 
-0.20791169081776 -4.39237002488336e-16 -0.978147600733806               0 
2  7 1 3 -1 36 1 0
2  2 1 3 -1 4 1 36 -1 3 1 7 -1 0
2  1 -1 36 -1 3 1 7 -1 0
1
0.104528463267654 2.20828221346342e-16 0.994521895368273               0 
-2.20828221346342e-16               1 -1.98834623595345e-16               0 
-0.994521895368273 -1.98834623595345e-16 0.104528463267654               0 
2  7 1 3 -1 40 1 0
2  2 1 3 -1 4 1 40 -1 3 1 7 -1 0
2  1 -1 40 -1 3 1 7 -1 0
1
0.978147600733806 -4.61656692469247e-17 -0.20791169081776               0 
4.61656692469247e-17               1 -4.85220736172618e-18               0 
0.20791169081776 -4.85220736172618e-18 0.978147600733806               0 
2  7 1 3 -1 44 1 0
2  2 1 3 -1 4 1 44 -1 3 1 7 -1 0
2  1 -1 44 -1 3 1 7 -1 0
1
0.809016994374947 -1.30514544126042e-16 -0.587785252292473               0 
1.30514544126042e-16               1 -4.24067460314098e-17               0 
0.587785252292473 -4.24067460314098e-17 0.809016994374947               0 
2  7 1 3 -1 48 1 0
2  2 1 3 -1 4 1 48 -1 3 1 7 -1 0
2  1 -1 48 -1 3 1 7 -1 0
1
0.809016994374947 1.30514544126042e-16 0.587785252292473               0 
-1.30514544126042e-16               1 -4.24067460314098e-17               0 
-0.587785252292473 -4.24067460314098e-17 0.809016994374947               0 
2  7 1 3 -1 52 1 0
2  2 1 3 -1 4 1 52 -1 3 1 7 -1 0
2  1 -1 52 -1 3 1 7 -1 0
1
0.978147600733806 4.61656692469246e-17 0.207911690817759               0 
-4.61656692469246e-17               1 -4.85220736172616e-18               0 
-0.207911690817759 -4.85220736172616e-18 0.978147600733806               0 
2  7 1 3 -1 56 1 0
2  2 1 3 -1 4 1 56 -1 3 1 7 -1 0
2  1 -1 56 -1 3 1 7 -1 0
1
0.913545457642601 9.03136772202995e-17 0.4067366430758               0 
-9.03136772202995e-17               1 -1.91967647017231e-17               0 
-0.4067366430758 -1.91967647017231e-17 0.913545457642601               0 
2  7 1 3 -1 60 1 0
2  2 1 3 -1 4 1 60 -1 3 1 7 -1 0
2  1 -1 60 -1 3 1 7 -1 0
1
0.104528463267653 -2.20828221346342e-16 -0.994521895368273               0 
2.20828221346342e-16               1 -1.98834623595345e-16               0 
0.994521895368273 -1.98834623595345e-16 0.104528463267653               0 
2  7 1 3 -1 64 1 0
2  2 1 3 -1 4 1 64 -1 3 1 7 -1 0
2  1 -1 64 -1 3 1 7 -1 0
1
0.309016994374947 -2.11176968422134e-16 -0.951056516295154               0 
2.11176968422134e-16               1 -1.53429048493926e-16               0 
0.951056516295154 -1.53429048493926e-16 0.309016994374947               0 
2  7 1 3 -1 68 1 0
2  2 1 3 -1 4 1 68 -1 3 1 7 -1 0
2  1 -1 68 -1 3 1 7 -1 0
1
0.499999999999999 -1.92296268638356e-16 -0.866025403784439               0 
1.92296268638356e-16               1 -1.11022302462516e-16               0 
0.866025403784439 -1.11022302462516e-16 0.499999999999999               0 
2  7 1 3 -1 72 1 0
2  2 1 3 -1 4 1 72 -1 3 1 7 -1 0
2  1 -1 72 -1 3 1 7 -1 0
1
0.309016994374947 2.11176968422134e-16 0.951056516295154               0 
-2.11176968422134e-16               1 -1.53429048493925e-16               0 
-0.951056516295154 -1.53429048493925e-16 0.309016994374947               0 
2  7 1 3 -1 76 1 0
2  2 1 3 -1 4 1 76 -1 3 1 7 -1 0
2  1 -1 76 -1 3 1 7 -1 0
1
            0.5 1.92296268638356e-16 0.866025403784439               0 
-1.92296268638356e-16               1 -1.11022302462516e-16               0 
-0.866025403784439 -1.11022302462516e-16             0.5               0 
2  7 1 3 -1 80 1 0
2  2 1 3 -1 4 1 80 -1 3 1 7 -1 0
2  1 -1 80 -1 3 1 7 -1 0
1
-0.104528463267653 2.20828221346342e-16 0.994521895368273               0 
-2.20828221346342e-16               1 -2.45254586254718e-16               0 
-0.994521895368273 -2.45254586254718e-16 -0.104528463267653               0 
2  7 1 3 -1 84 1 0
2  2 1 3 -1 4 1 84 -1 3 1 7 -1 0
2  1 -1 84 -1 3 1 7 -1 0
1
0.913545457642601 -9.03136772202997e-17 -0.406736643075801               0 
9.03136772202997e-17               1 -1.91967647017231e-17               0 
0.406736643075801 -1.91967647017231e-17 0.913545457642601               0 
2  7 1 3 -1 88 1 0
2  2 1 3 -1 4 1 88 -1 3 1 7 -1 0
2  1 -1 88 -1 3 1 7 -1 0
1
-0.978147600733806 -4.61656692469246e-17 -0.207911690817759               0 
4.61656692469246e-17               1 -4.39237002488336e-16               0 
0.207911690817759 -4.39237002488336e-16 -0.978147600733806               0 
2  7 1 3 -1 92 1 0
2  2 1 3 -1 4 1 92 -1 3 1 7 -1 0
2  1 -1 92 -1 3 1 7 -1 0
1
-0.104528463267654 -2.20828221346342e-16 -0.994521895368273               0 
2.20828221346342e-16               1 -2.45254586254718e-16               0 
0.994521895368273 -2.45254586254718e-16 -0.104528463267654               0 
2  7 1 3 -1 96 1 0
2  2 1 3 -1 4 1 96 -1 3 1 7 -1 0
2  1 -1 96 -1 3 1 7 -1 0
1
0.669130606358858 -1.65011299175209e-16 -0.743144825477395               0 
1.65011299175209e-16               1 -7.34677637928321e-17               0 
0.743144825477395 -7.34677637928321e-17 0.669130606358858               0 
2  7 1 3 -1 100 1 0
2  2 1 3 -1 4 1 100 -1 3 1 7 -1 0
2  1 -1 100 -1 3 1 7 -1 0
1
           -0.5 -1.92296268638356e-16 -0.866025403784438               0 
1.92296268638356e-16               1 -3.33066907387547e-16               0 
0.866025403784438 -3.33066907387547e-16            -0.5 7.88860905221012e-31 
2  7 1 3 -1 104 1 0
2  2 1 3 -1 4 1 104 -1 3 1 7 -1 0
2  1 -1 104 -1 3 1 7 -1 0
1
-0.913545457642601 9.03136772202996e-17 0.4067366430758               0 
-9.03136772202996e-17               1 -4.2489244514834e-16               0 
-0.4067366430758 -4.2489244514834e-16 -0.913545457642601               0 
2  7 1 3 -1 108 1 0
2  2 1 3 -1 4 1 108 -1 3 1 7 -1 0
2  1 -1 108 -1 3 1 7 -1 0
1
-0.913545457642601 -9.03136772202994e-17 -0.4067366430758               0 
9.03136772202994e-17               1 -4.2489244514834e-16               0 
0.4067366430758 -4.2489244514834e-16 -0.913545457642601 -7.88860905221012e-31 
2  7 1 3 -1 112 1 0
2  2 1 3 -1 4 1 112 -1 3 1 7 -1 0
2  1 -1 112 -1 3 1 7 -1 0
1
0.669130606358858 1.65011299175209e-16 0.743144825477394               0 
-1.65011299175209e-16               1 -7.3467763792832e-17               0 
-0.743144825477394 -7.3467763792832e-17 0.669130606358858               0 
2  7 1 3 -1 116 1 0
2  2 1 3 -1 4 1 116 -1 3 1 7 -1 0
2  1 -1 116 -1 3 1 7 -1 0
1
           -0.5 1.92296268638356e-16 0.866025403784439               0 
-1.92296268638356e-16               1 -3.33066907387547e-16               0 
-0.866025403784439 -3.33066907387547e-16            -0.5               0 
2  7 1 3 -1 120 1 0
2  2 1 3 -1 4 1 120 -1 3 1 7 -1 0
2  1 -1 120 -1 3 1 7 -1 0
1
-0.309016994374947 2.11176968422134e-16 0.951056516295154               0 
-2.11176968422134e-16               1 -2.90660161356137e-16               0 
-0.951056516295154 -2.90660161356137e-16 -0.309016994374947 7.88860905221012e-31 
2  7 1 3 -1 124 1 0
2  2 1 3 -1 4 1 124 -1 3 1 7 -1 0
2  1 -1 124 -1 3 1 7 -1 0
1
              1               0              -0               0 
             -0 2.22044604925031e-16              -1               0 
              0               1 2.22044604925031e-16               0 
1
              1               0               0               0 
              0 -2.22044604925031e-16              -1               0 
              0               1 -2.22044604925031e-16               0 
2  128 1 129 -1 0
2  129 1 128 -1 0
2  1 -1 4 -1 3 1 2 -1 129 1 128 -1 0
2  1 -1 4 -1 0
2  7 1 3 -1 0
1
              1               0               0              -0 
              0               1               0              -2 
              0               0               1 4.44089209850063e-16 
2  7 1 3 -1 135 1 0
2  135 -1 3 1 7 -1 0
2  7 -1 0
2  1 -1 4 -1 135 -1 3 1 7 -1 0
2  1 -1 12 -1 0
2  7 1 3 -1 135 1 12 1 0
2  1 -1 12 -1 135 -1 3 1 7 -1 0
2  1 -1 16 -1 0
2  7 1 3 -1 135 1 16 1 0
2  1 -1 16 -1 135 -1 3 1 7 -1 0
2  1 -1 20 -1 0
2  7 1 3 -1 135 1 20 1 0
2  1 -1 20 -1 135 -1 3 1 7 -1 0
2  1 -1 24 -1 0
2  7 1 3 -1 135 1 24 1 0
2  1 -1 24 -1 135 -1 3 1 7 -1 0
2  1 -1 28 -1 0
2  7 1 3 -1 135 1 28 1 0
2  1 -1 28 -1 135 -1 3 1 7 -1 0
2  1 -1 32 -1 0
2  7 1 3 -1 135 1 32 1 0
2  1 -1 32 -1 135 -1 3 1 7 -1 0
2  1 -1 36 -1 0
2  7 1 3 -1 135 1 36 1 0
2  1 -1 36 -1 135 -1 3 1 7 -1 0
2  1 -1 40 -1 0
2  7 1 3 -1 135 1 40 1 0
2  1 -1 40 -1 135 -1 3 1 7 -1 0
2  1 -1 44 -1 0
2  7 1 3 -1 135 1 44 1 0
2  1 -1 44 -1 135 -1 3 1 7 -1 0
2  1 -1 48 -1 0
2  7 1 3 -1 135 1 48 1 0
2  1 -1 48 -1 135 -1 3 1 7 -1 0
2  1 -1 52 -1 0
2  7 1 3 -1 135 1 52 1 0
2  1 -1 52 -1 135 -1 3 1 7 -1 0
2  1 -1 56 -1 0
2  7 1 3 -1 135 1 56 1 0
2  1 -1 56 -1 135 -1 3 1 7 -1 0
2  1 -1 60 -1 0
2  7 1 3 -1 135 1 60 1 0
2  1 -1 60 -1 135 -1 3 1 7 -1 0
2  1 -1 64 -1 0
2  7 1 3 -1 135 1 64 1 0
2  1 -1 64 -1 135 -1 3 1 7 -1 0
2  1 -1 68 -1 0
2  7 1 3 -1 135 1 68 1 0
2  1 -1 68 -1 135 -1 3 1 7 -1 0
2  1 -1 72 -1 0
2  7 1 3 -1 135 1 72 1 0
2  1 -1 72 -1 135 -1 3 1 7 -1 0
2  1 -1 76 -1 0
2  7 1 3 -1 135 1 76 1 0
2  1 -1 76 -1 135 -1 3 1 7 -1 0
2  1 -1 80 -1 0
2  7 1 3 -1 135 1 80 1 0
2  1 -1 80 -1 135 -1 3 1 7 -1 0
2  1 -1 84 -1 0
2  7 1 3 -1 135 1 84 1 0
2  1 -1 84 -1 135 -1 3 1 7 -1 0
2  1 -1 88 -1 0
2  7 1 3 -1 135 1 88 1 0
2  1 -1 88 -1 135 -1 3 1 7 -1 0
2  1 -1 92 -1 0
2  7 1 3 -1 135 1 92 1 0
2  1 -1 92 -1 135 -1 3 1 7 -1 0
2  1 -1 96 -1 0
2  7 1 3 -1 135 1 96 1 0
2  1 -1 96 -1 135 -1 3 1 7 -1 0
2  1 -1 100 -1 0
2  7 1 3 -1 135 1 100 1 0
2  1 -1 100 -1 135 -1 3 1 7 -1 0
2  1 -1 104 -1 0
2  7 1 3 -1 135 1 104 1 0
2  1 -1 104 -1 135 -1 3 1 7 -1 0
2  1 -1 108 -1 0
2  7 1 3 -1 135 1 108 1 0
2  1 -1 108 -1 135 -1 3 1 7 -1 0
2  1 -1 112 -1 0
2  7 1 3 -1 135 1 112 1 0
2  1 -1 112 -1 135 -1 3 1 7 -1 0
2  1 -1 116 -1 0
2  7 1 3 -1 135 1 116 1 0
2  1 -1 116 -1 135 -1 3 1 7 -1 0
2  1 -1 120 -1 0
2  7 1 3 -1 135 1 120 1 0
2  1 -1 120 -1 135 -1 3 1 7 -1 0
2  1 -1 124 -1 0
2  7 1 3 -1 135 1 124 1 0
2  1 -1 124 -1 135 -1 3 1 7 -1 0
2  3 -1 135 1 4 1 0
2  3 -1 135 1 12 1 0
2  3 -1 135 1 16 1 0
2  3 -1 135 1 20 1 0
2  3 -1 135 1 24 1 0
2  3 -1 135 1 28 1 0
2  3 -1 135 1 32 1 0
2  3 -1 135 1 36 1 0
2  3 -1 135 1 40 1 0
2  3 -1 135 1 44 1 0
2  3 -1 135 1 48 1 0
2  3 -1 135 1 52 1 0
2  3 -1 135 1 56 1 0
2  3 -1 135 1 60 1 0
2  3 -1 135 1 64 1 0
2  3 -1 135 1 68 1 0
2  3 -1 135 1 72 1 0
2  3 -1 135 1 76 1 0
2  3 -1 135 1 80 1 0
2  3 -1 135 1 84 1 0
2  3 -1 135 1 88 1 0
2  3 -1 135 1 92 1 0
2  3 -1 135 1 96 1 0
2  3 -1 135 1 100 1 0
2  3 -1 135 1 104 1 0
2  3 -1 135 1 108 1 0
2  3 -1 135 1 112 1 0
2  3 -1 135 1 116 1 0
2  3 -1 135 1 120 1 0
2  3 -1 135 1 124 1 0
Curve2ds 744
2 0 0 -1 1.010707235303013e-16 1.010707235303013e-16 1 34
1 0 0 1 0 
2 0 0 -1 -7.5129610021048739e-32 -7.5129610021048739e-32 1 21
1 0 0 1 0 
1 -33.610691000000003 0.92649260405859513 0.0024679924837108153 -0.99999695450191273 
1 0 0 1 9.8607613152626454e-32 
1 -33.610691000000003 0.92649260405859513 0.99524210397355295 -0.097432820334298051 
1 0 0 1 3.6977854932234928e-32 
1 -33.600819000000001 -3.0735073959414048 0.98064702829624617 0.19578407977601628 
1 0 0 1 -4.9303806576313238e-32 
1 -26.747889000000004 0.25463381554251929 -0.099755424315373237 -0.9950119875256076 
1 0 0 1 1.9721522630525295e-31 
1 11.267421540074281 31.679364732916078 -0.95181627147380854 0.30666885293048157 
1 -0 0 1 0 
1 7.4601448591251964 32.906043880486997 -0.11683487236899957 -0.99315135432547219 
1 0 0 1 0 
1 8.5077234141955191 25.360067954244293 -0.91548651313348706 0.40234866008312958 
1 0 0 1 0 
1 11.267421540074281 31.679364732916078 -0.40021084232525544 -0.91642309098216723 
1 -0 0 1 0 
1 20.19927527426389 27.026852639147226 -0.5106850148714801 -0.85976788471407584 
1 0 0 1 0 
1 18.087060987801419 19.70717202340029 -0.67268860225790172 0.73992570194061413 
1 0 0 1 0 
1 23.178460233519441 24.357666539428909 -0.73835364876879195 -0.67441373751563782 
1 -0 0 1 0 
1 23.178460233519441 24.357666539428909 -0.74479397153836402 0.66729449267928986 
1 -0 0 1 0 
1 27.736198900708786 19.006320227313267 -0.86243735051384551 -0.50616382371585833 
1 -0 0 1 0 
1 27.736198900708786 19.006320227313267 -0.58978011005492326 0.80756388093054454 
1 -0 0 1 0 
1 25.377071275770426 22.236585588802424 -0.67828111664895785 -0.73480250870383057 
1 0 0 1 0 
1 21.789166766165572 15.516011600039649 -0.50414953856955358 0.86361637476376407 
1 0 0 1 0 
1 33.610691000000003 -0.92649260405857703 -0.99524210397355295 0.097432820334298176 
1 -0 0 1 0 
1 33.610691000000003 -0.92649260405857703 -0.002467992483710693 0.99999695450191273 
1 -0 0 1 0 
1 33.600819000000001 3.073507395941423 -0.98064702829624617 -0.19578407977601617 
1 0 0 1 0 
1 26.747889000000004 -0.25463381554250036 0.099755424315373362 0.9950119875256076 
1 0 0 1 0 
1 21.801423864420993 -25.597555655310341 0.74149115292413548 0.67096264436646269 
1 -0 0 1 0 
1 24.767397508984594 -22.913696904157792 -0.80167686646427927 0.5977576446822026 
1 0 0 1 0 
1 17.708601382977442 -20.047938582187133 0.80618741737736399 0.59166024715407062 
1 0 0 1 0 
1 21.801423864420993 -25.597555655310341 -0.59354025624258677 0.80480430181472351 
1 -0 0 1 0 
1 26.647041522661414 -20.505416751005441 0.58578681433229995 0.81046518009993229 
1 -0 0 1 0 
1 28.990195916062842 -17.263546157495018 -0.90843910610094858 0.41801721317011542 
1 0 0 1 0 
1 21.489826763143874 -15.928017768272483 0.66555720567399523 0.74634684026625531 
1 0 0 1 0 
1 26.647041522661414 -20.505416751005441 -0.74789820075032021 0.66381343863651476 
1 -0 0 1 0 
1 32.683588116815351 -7.8943021131207676 -0.95323625373414855 0.30222614805288761 
1 -0 0 1 0 
1 32.683588116815351 -7.8943021131207676 0.20549699669653224 0.97865774627737234 
1 -0 0 1 0 
1 33.505578606971945 -3.9796592059737925 -0.99992333695614011 0.012382253853697657 
1 0 0 1 0 
1 26.110442102915336 -5.8102682835343433 0.30445015366465389 0.95252826936189605 
1 0 0 1 0 
1 -4.4346910602269878 -33.32972326982626 0.20093020085756447 0.97960556061270854 
1 -0 0 1 0 
1 -4.4346910602269878 -33.32972326982626 0.9947768420154216 -0.10207367236376394 
1 -0 0 1 0 
1 -0.45557157376451546 -33.738019202745797 -0.092206027225979134 0.99573995025970619 
1 0 0 1 0 
1 -3.0491546376819678 -26.574744783945537 0.97913392654182141 -0.20321602765233676 
1 0 0 1 0 
1 -33.505578606971945 3.9796592059738196 0.99992333695614022 -0.012382253853697799 
1 0 0 1 0 
1 -26.110442102915336 5.8102682835343691 -0.304450153664654 -0.95252826936189594 
1 0 0 1 0 
1 -32.683588116815351 7.8943021131207942 0.95323625373414855 -0.30222614805288778 
1 -0 0 1 0 
1 -32.683588116815351 7.8943021131207942 -0.2054969966965324 -0.97865774627737234 
1 -0 0 1 0 
1 -28.990195916062838 17.263546157495046 0.90843910610094847 -0.41801721317011559 
1 0 0 1 0 
1 -21.489826763143871 15.928017768272507 -0.66555720567399546 -0.7463468402662552 
1 0 0 1 0 
1 -26.647041522661411 20.505416751005463 0.7478982007503201 -0.66381343863651476 
1 -0 0 1 0 
1 -26.647041522661411 20.505416751005463 -0.58578681433230007 -0.81046518009993218 
1 -0 0 1 0 
1 -27.736198900708786 -19.00632022731325 0.58978011005492337 -0.80756388093054443 
1 -0 0 1 0 
1 -25.377071275770426 -22.236585588802409 0.67828111664895785 0.73480250870383057 
1 0 0 1 0 
1 -21.789166766165572 -15.516011600039629 0.50414953856955369 -0.86361637476376407 
1 0 0 1 0 
1 -27.736198900708786 -19.00632022731325 0.8624373505138454 0.50616382371585855 
1 -0 0 1 0 
1 -33.068845404495285 -6.0818090776057145 0.21032511854967348 -0.97763149729694476 
1 -0 0 1 0 
1 -32.227542368109802 -9.9923469763291841 0.91851173883327897 0.39539370964326981 
1 0 0 1 0 
1 -26.216324797172973 -5.312129372057135 0.1092990957561233 -0.9940089072372007 
1 0 0 1 0 
1 -33.068845404495285 -6.0818090776057145 0.99375109856784238 0.11161878916744396 
1 -0 0 1 0 
1 -31.081732582888396 -12.824306518820814 0.40899002768312187 -0.91253885246369615 
1 -0 0 1 0 
1 -29.445767489827347 -16.474473045250772 0.81623307887496932 0.57772273708959065 
1 0 0 1 0 
1 -24.538981400825836 -10.646727015673047 0.31357672086782612 -0.94956286791859201 
1 0 0 1 0 
1 -31.081732582888396 -12.824306518820814 0.94882840160788451 0.31579212197619372 
1 -0 0 1 0 
1 -2.5918566989609042 33.523412966088465 -0.99426089109206484 -0.10698261748907273 
1 -0 0 1 0 
1 -6.5689123754446195 33.095481192866771 0.29721708097757421 -0.95480993227718902 
1 0 0 1 0 
1 -2.5426768279655687 26.627977746814835 -0.99998848895441883 -0.0047981203255535307 
1 0 0 1 0 
1 -2.5918566989609042 33.523412966088465 0.0071320545576786095 -0.99997456657546357 
1 -0 0 1 0 
1 -13.306303332708055 31.006511845121029 0.48923832208466045 -0.87215013856777335 
1 0 0 1 0 
1 -8.0233811151139118 25.517440306934642 -0.9771387559225555 -0.21260256742128195 
1 0 0 1 0 
1 -9.5051278832959074 32.251968652549678 0.21488260496535697 -0.97663988556852543 
1 -0 0 1 0 
1 -9.5051278832959074 32.251968652549678 -0.95029096823489612 -0.31136325359808248 
1 -0 0 1 0 
1 -19.462144983604606 27.562409143992149 0.65987750089071184 -0.75137319876225872 
1 0 0 1 0 
1 -13.153425147077611 23.291668279377614 -0.91158337042490811 -0.4111152621403939 
1 0 0 1 0 
1 -16.00297936846685 29.570958546778311 0.41324175441490874 -0.9106213551241199 
1 -0 0 1 0 
1 -16.00297936846685 29.570958546778311 -0.86478877006387289 -0.50213582143819824 
1 -0 0 1 0 
1 -7.4601448591251964 -32.906043880486976 0.11683487236899957 0.99315135432547219 
1 0 0 1 0 
1 -8.5077234141955191 -25.360067954244272 0.91548651313348706 -0.40234866008312958 
1 0 0 1 0 
1 -11.267421540074281 -31.679364732916056 0.40021084232525544 0.91642309098216723 
1 -0 0 1 0 
1 -11.267421540074281 -31.679364732916056 0.95181627147380854 -0.30666885293048157 
1 -0 0 1 0 
1 -17.607711631533135 -28.644465942719695 0.58200034955864388 0.81318853478982145 
1 -0 0 1 0 
1 -17.607711631533135 -28.644465942719695 0.86725676254758322 -0.49786113306371371 
1 -0 0 1 0 
1 -14.138674016395383 -30.635916539933532 0.32076952740553405 0.94715727853827447 
1 0 0 1 0 
1 -13.594463852922377 -23.037034463835077 0.81182794610953446 -0.58389672538521287 
1 0 0 1 0 
1 6.568912375444631 -33.09548119286675 -0.29721708097757454 0.95480993227718891 
1 0 0 1 0 
1 2.5426768279655776 -26.627977746814814 0.99998848895441872 0.0047981203255538628 
1 0 0 1 0 
1 2.5918566989609158 -33.523412966088443 -0.0071320545576789426 0.99997456657546357 
1 -0 0 1 0 
1 2.5918566989609158 -33.523412966088443 0.99426089109206484 0.10698261748907306 
1 -0 0 1 0 
1 -30.328055599669693 14.517092738775228 -0.40448078103714241 -0.91454649841961744 
1 -0 0 1 0 
1 -31.945983651215048 10.858895604064383 0.97549819762653212 -0.22000742357335884 
1 0 0 1 0 
1 -24.33184359413114 11.111966146775213 -0.49583895038486586 -0.86841449508931767 
1 0 0 1 0 
1 -30.328055599669693 14.517092738775228 0.86956940507152414 -0.49381074285960574 
1 -0 0 1 0 
1 32.227542368109809 9.9923469763291966 -0.91851173883327897 -0.39539370964326959 
1 0 0 1 0 
1 26.216324797172973 5.3121293720571501 -0.10929909575612305 0.9940089072372007 
1 0 0 1 0 
1 33.068845404495285 6.0818090776057279 -0.99375109856784249 -0.11161878916744372 
1 -0 0 1 0 
1 33.068845404495285 6.0818090776057279 -0.21032511854967323 0.97763149729694476 
1 -0 0 1 0 
1 0.45557157376453411 33.738019202745818 0.092206027225978579 -0.99573995025970619 
1 0 0 1 0 
1 3.0491546376819825 26.574744783945558 -0.9791339265418213 0.20321602765233732 
1 0 0 1 0 
1 4.4346910602270064 33.329723269826282 -0.20093020085756502 -0.97960556061270843 
1 -0 0 1 0 
1 4.4346910602270064 33.329723269826282 -0.9947768420154216 0.10207367236376449 
1 -0 0 1 0 
1 -24.767397508984594 22.913696904157817 0.80167686646427927 -0.5977576446822026 
1 0 0 1 0 
1 -17.708601382977442 20.047938582187157 -0.8061874173773641 -0.59166024715407062 
1 0 0 1 0 
1 -21.801423864420993 25.597555655310366 0.59354025624258677 -0.80480430181472351 
1 -0 0 1 0 
1 -21.801423864420993 25.597555655310366 -0.74149115292413559 -0.67096264436646269 
1 -0 0 1 0 
1 17.607711631533146 28.644465942719705 -0.86725676254758299 0.49786113306371405 
1 -0 0 1 0 
1 14.138674016395395 30.635916539933547 -0.32076952740553444 -0.94715727853827436 
1 0 0 1 0 
1 13.594463852922386 23.037034463835088 -0.81182794610953435 0.58389672538521331 
1 0 0 1 0 
1 17.607711631533146 28.644465942719705 -0.5820003495586441 -0.813188534789821 
1 -0 0 1 0 
1 30.328055599669703 -14.517092738775192 -0.86956940507152447 0.49381074285960525 
1 -0 0 1 0 
1 30.328055599669703 -14.517092738775192 0.40448078103714191 0.91454649841961766 
1 -0 0 1 0 
1 31.945983651215055 -10.858895604064344 -0.97549819762653223 0.22000742357335831 
1 0 0 1 0 
1 24.331843594131144 -11.111966146775179 0.49583895038486536 0.86841449508931801 
1 0 0 1 0 
1 31.08173258288841 12.824306518820819 -0.40899002768312143 0.91253885246369626 
1 -0 0 1 0 
1 29.445767489827357 16.474473045250782 -0.81623307887496954 -0.57772273708959032 
1 0 0 1 0 
1 24.538981400825847 10.646727015673058 -0.31357672086782573 0.94956286791859212 
1 0 0 1 0 
1 31.08173258288841 12.824306518820819 -0.94882840160788451 -0.31579212197619322 
1 -0 0 1 0 
1 -20.199275274263883 -27.026852639147208 0.51068501487147988 0.85976788471407584 
1 0 0 1 0 
1 -18.087060987801415 -19.707172023400268 0.67268860225790195 -0.73992570194061402 
1 0 0 1 0 
1 -23.178460233519434 -24.357666539428891 0.73835364876879173 0.67441373751563793 
1 -0 0 1 0 
1 -23.178460233519434 -24.357666539428891 0.74479397153836413 -0.66729449267928964 
1 -0 0 1 0 
1 19.46214498360462 -27.56240914399212 -0.65987750089071229 0.75137319876225839 
1 0 0 1 0 
1 13.153425147077622 -23.291668279377589 0.91158337042490789 0.41111526214039446 
1 0 0 1 0 
1 16.002979368466864 -29.570958546778282 -0.41324175441490918 0.91062135512411957 
1 -0 0 1 0 
1 16.002979368466864 -29.570958546778282 0.86478877006387256 0.50213582143819868 
1 -0 0 1 0 
1 9.5051278832959163 -32.251968652549657 -0.21488260496535719 0.97663988556852543 
1 -0 0 1 0 
1 9.5051278832959163 -32.251968652549657 0.95029096823489612 0.3113632535980827 
1 -0 0 1 0 
1 13.306303332708062 -31.006511845121008 -0.48923832208466067 0.87215013856777324 
1 0 0 1 0 
1 8.0233811151139189 -25.517440306934621 0.9771387559225555 0.21260256742128217 
1 0 0 1 0 
1 0 25 1 0 
2 0 0 1 0 -0 1 34
1 6.2831853071795862 0 0 1 
1 0 0 0 1 
1 0 5 1 0 
2 0 0 1 -7.5129610021048739e-32 7.5129610021048739e-32 1 21
1 6.2831853071795862 0 0 1 
1 0 0 0 1 
1 2.2204392868861172e-16 1.9721462568757294e-31 4.4408785737722295e-16 -1 
1 0 0 4.3268864195721375e-17 -1 
1 8.8817571475444589e-16 -2 1 9.8607613152626454e-32 
1 0 0 -0.0024679924837110799 0.99999695450191273 
1 4.0000121820294545 3.5527136788005033e-15 4.4408785737722295e-16 -1 
1 6.1778562559988432e-31 3.5527136788005009e-15 -8.6945597288952706e-17 -1 
1 8.6537728391442737e-17 -2 1 3.6977854932234928e-32 
1 0 0 -0.99524210397355295 0.097432820334297787 
1 6.895610598265411 5.9673047704584671e-16 4.3268864195721375e-17 -1 
1 2.2093704366579372e-16 1.9623396768018806e-31 4.4187408733158695e-16 -1 
1 -1.7389119457790539e-16 -2 1 -4.9303806576313238e-32 
1 -0.0098720000000014352 4 -0.98064702829624606 -0.1957840797760165 
1 6.7837038282344668 2.3730873164460982e-15 -8.6945597288952706e-17 -1 
1 2.0100260349361156 1.7763568394002505e-15 4.4187408733158695e-16 -1 
1 8.8374817466317389e-16 -2 1 1.9721522630525295e-31 
1 -6.8628019999999985 0.67185878851607406 0.099755424315372973 0.9950119875256076 
1 2.2204392868861172e-16 1.4791081911125968e-31 4.440878573772229e-16 -1 
1 -0 0 4.3268864195721375e-17 -1 
1 8.8817571475444579e-16 -2 1 0 
1 0 0 -0.0024679924837110795 0.99999695450191273 
1 4.0000121820294554 2.6645352591003773e-15 4.440878573772229e-16 -1 
1 4.6333921919991322e-31 3.5527136788005009e-15 -8.6945597288952706e-17 -1 
1 -1.7389119457790541e-16 -2 1 0 
1 -0.0098720000000014352 4.0000000000000009 -0.98064702829624606 -0.19578407977601656 
1 6.7837038282344713 2.667993907034699e-15 -8.6945597288952706e-17 -1 
1 2.0100260349361156 1.3322676295501875e-15 4.418740873315869e-16 -1 
1 2.2093704366579372e-16 1.469301611038748e-31 4.418740873315869e-16 -1 
1 6.8956105982654146 4.4754785778438508e-16 4.3268864195721375e-17 -1 
1 8.8374817466317379e-16 -2 1 0 
1 -6.8628020000000021 0.67185878851607406 0.099755424315372945 0.9950119875256076 
1 8.653772839144275e-17 -2 1 0 
1 0 0 -0.99524210397355295 0.097432820334297815 
1 4.6333921919991322e-31 3.5527136788005009e-15 -8.6945597288952706e-17 -1 
1 4.0000121820294554 2.6645352591003773e-15 4.440878573772229e-16 -1 
1 -1.7389119457790541e-16 -2 1 0 
1 -0.0098720000000014352 4.0000000000000009 -0.98064702829624606 -0.19578407977601656 
1 6.7837038282344713 2.667993907034699e-15 -8.6945597288952706e-17 -1 
1 2.0100260349361156 1.3322676295501875e-15 4.418740873315869e-16 -1 
1 2.2093704366579372e-16 1.469301611038748e-31 4.418740873315869e-16 -1 
1 6.8956105982654146 4.4754785778438508e-16 4.3268864195721375e-17 -1 
1 8.8374817466317379e-16 -2 1 0 
1 -6.8628020000000021 0.67185878851607406 0.099755424315372945 0.9950119875256076 
1 -0 0 4.3268864195721375e-17 -1 
1 2.2204392868861172e-16 1.4791081911125968e-31 4.440878573772229e-16 -1 
1 8.653772839144275e-17 -2 1 0 
1 0 0 -0.99524210397355295 0.097432820334297815 
1 8.8817571475444579e-16 -2 1 0 
1 0 0 -0.0024679924837110795 0.99999695450191273 
1 -0 0 4.3268864195721375e-17 -1 
1 2.2204392868861172e-16 1.4791081911125968e-31 4.440878573772229e-16 -1 
1 8.653772839144275e-17 -2 1 0 
1 0 0 -0.99524210397355295 0.097432820334297815 
1 6.8956105982654146 4.4754785778438508e-16 4.3268864195721375e-17 -1 
1 2.2093704366579372e-16 1.469301611038748e-31 4.418740873315869e-16 -1 
1 8.8817571475444579e-16 -2 1 0 
1 0 0 -0.0024679924837110795 0.99999695450191273 
1 4.0000121820294554 2.6645352591003773e-15 4.440878573772229e-16 -1 
1 4.6333921919991322e-31 3.5527136788005009e-15 -8.6945597288952706e-17 -1 
1 -1.7389119457790541e-16 -2 1 0 
1 -0.0098720000000014352 4.0000000000000009 -0.98064702829624606 -0.19578407977601656 
1 6.7837038282344713 2.667993907034699e-15 -8.6945597288952706e-17 -1 
1 2.0100260349361156 1.3322676295501875e-15 4.418740873315869e-16 -1 
1 8.8374817466317379e-16 -2 1 0 
1 -6.8628020000000021 0.67185878851607406 0.099755424315372945 0.9950119875256076 
1 -0 0 4.3268864195721375e-17 -1 
1 2.2204392868861172e-16 1.4791081911125968e-31 4.440878573772229e-16 -1 
1 8.653772839144275e-17 -2 1 0 
1 0 0 -0.99524210397355295 0.097432820334297815 
1 6.8956105982654146 4.4754785778438508e-16 4.3268864195721375e-17 -1 
1 2.2093704366579372e-16 1.469301611038748e-31 4.418740873315869e-16 -1 
1 8.8817571475444579e-16 -2 1 0 
1 0 0 -0.0024679924837110795 0.99999695450191273 
1 4.0000121820294554 2.6645352591003773e-15 4.440878573772229e-16 -1 
1 4.6333921919991322e-31 3.5527136788005009e-15 -8.6945597288952706e-17 -1 
1 -1.7389119457790541e-16 -2 1 0 
1 -0.0098720000000014352 4.0000000000000009 -0.98064702829624606 -0.19578407977601656 
1 6.7837038282344713 2.667993907034699e-15 -8.6945597288952706e-17 -1 
1 2.0100260349361156 1.3322676295501875e-15 4.418740873315869e-16 -1 
1 8.8374817466317379e-16 -2 1 0 
1 -6.8628020000000021 0.67185878851607406 0.099755424315372945 0.9950119875256076 
1 2.2204392868861172e-16 1.4791081911125968e-31 4.440878573772229e-16 -1 
1 -0 0 4.3268864195721375e-17 -1 
1 8.8817571475444579e-16 -2 1 0 
1 0 0 -0.0024679924837110795 0.99999695450191273 
1 4.0000121820294554 2.6645352591003773e-15 4.440878573772229e-16 -1 
1 4.6333921919991322e-31 3.5527136788005009e-15 -8.6945597288952706e-17 -1 
1 -1.7389119457790541e-16 -2 1 0 
1 -0.0098720000000014352 4.0000000000000009 -0.98064702829624606 -0.19578407977601656 
1 6.7837038282344713 2.667993907034699e-15 -8.6945597288952706e-17 -1 
1 2.0100260349361156 1.3322676295501875e-15 4.418740873315869e-16 -1 
1 2.2093704366579372e-16 1.469301611038748e-31 4.418740873315869e-16 -1 
1 6.8956105982654146 4.4754785778438508e-16 4.3268864195721375e-17 -1 
1 8.8374817466317379e-16 -2 1 0 
1 -6.8628020000000021 0.67185878851607406 0.099755424315372945 0.9950119875256076 
1 8.653772839144275e-17 -2 1 0 
1 0 0 -0.99524210397355295 0.097432820334297815 
1 2.2204392868861172e-16 1.4791081911125968e-31 4.440878573772229e-16 -1 
1 -0 0 4.3268864195721375e-17 -1 
1 8.8817571475444579e-16 -2 1 0 
1 0 0 -0.0024679924837110795 0.99999695450191273 
1 4.0000121820294554 2.6645352591003773e-15 4.440878573772229e-16 -1 
1 4.6333921919991322e-31 3.5527136788005009e-15 -8.6945597288952706e-17 -1 
1 -1.7389119457790541e-16 -2 1 0 
1 -0.0098720000000014352 4.0000000000000009 -0.98064702829624606 -0.19578407977601656 
1 6.7837038282344713 2.667993907034699e-15 -8.6945597288952706e-17 -1 
1 2.0100260349361156 1.3322676295501875e-15 4.418740873315869e-16 -1 
1 2.2093704366579372e-16 1.469301611038748e-31 4.418740873315869e-16 -1 
1 6.8956105982654146 4.4754785778438508e-16 4.3268864195721375e-17 -1 
1 8.8374817466317379e-16 -2 1 0 
1 -6.8628020000000021 0.67185878851607406 0.099755424315372945 0.9950119875256076 
1 8.653772839144275e-17 -2 1 0 
1 0 0 -0.99524210397355295 0.097432820334297815 
1 -0 0 4.3268864195721375e-17 -1 
1 2.2204392868861172e-16 1.4791081911125968e-31 4.440878573772229e-16 -1 
1 8.653772839144275e-17 -2 1 0 
1 0 0 -0.99524210397355295 0.097432820334297815 
1 6.8956105982654146 4.4754785778438508e-16 4.3268864195721375e-17 -1 
1 2.2093704366579372e-16 1.469301611038748e-31 4.418740873315869e-16 -1 
1 8.8817571475444579e-16 -2 1 0 
1 0 0 -0.0024679924837110795 0.99999695450191273 
1 4.0000121820294554 2.6645352591003773e-15 4.440878573772229e-16 -1 
1 4.6333921919991322e-31 3.5527136788005009e-15 -8.6945597288952706e-17 -1 
1 -1.7389119457790541e-16 -2 1 0 
1 -0.0098720000000014352 4.0000000000000009 -0.98064702829624606 -0.19578407977601656 
1 6.7837038282344713 2.667993907034699e-15 -8.6945597288952706e-17 -1 
1 2.0100260349361156 1.3322676295501875e-15 4.418740873315869e-16 -1 
1 8.8374817466317379e-16 -2 1 0 
1 -6.8628020000000021 0.67185878851607406 0.099755424315372945 0.9950119875256076 
1 -0 0 4.3268864195721375e-17 -1 
1 2.2204392868861172e-16 1.4791081911125968e-31 4.440878573772229e-16 -1 
1 8.653772839144275e-17 -2 1 0 
1 0 0 -0.99524210397355295 0.097432820334297815 
1 6.8956105982654146 4.4754785778438508e-16 4.3268864195721375e-17 -1 
1 2.2093704366579372e-16 1.469301611038748e-31 4.418740873315869e-16 -1 
1 8.8817571475444579e-16 -2 1 0 
1 0 0 -0.0024679924837110795 0.99999695450191273 
1 4.0000121820294554 2.6645352591003773e-15 4.440878573772229e-16 -1 
1 4.6333921919991322e-31 3.5527136788005009e-15 -8.6945597288952706e-17 -1 
1 -1.7389119457790541e-16 -2 1 0 
1 -0.0098720000000014352 4.0000000000000009 -0.98064702829624606 -0.19578407977601656 
1 6.7837038282344713 2.667993907034699e-15 -8.6945597288952706e-17 -1 
1 2.0100260349361156 1.3322676295501875e-15 4.418740873315869e-16 -1 
1 8.8374817466317379e-16 -2 1 0 
1 -6.8628020000000021 0.67185878851607406 0.099755424315372945 0.9950119875256076 
1 4.6333921919991322e-31 3.5527136788005009e-15 -8.6945597288952706e-17 -1 
1 4.0000121820294554 2.6645352591003773e-15 4.440878573772229e-16 -1 
1 -1.7389119457790541e-16 -2 1 0 
1 -0.0098720000000014352 4.0000000000000009 -0.98064702829624606 -0.19578407977601656 
1 6.7837038282344713 2.667993907034699e-15 -8.6945597288952706e-17 -1 
1 2.0100260349361156 1.3322676295501875e-15 4.418740873315869e-16 -1 
1 2.2093704366579372e-16 1.469301611038748e-31 4.418740873315869e-16 -1 
1 6.8956105982654146 4.4754785778438508e-16 4.3268864195721375e-17 -1 
1 8.8374817466317379e-16 -2 1 0 
1 -6.8628020000000021 0.67185878851607406 0.099755424315372945 0.9950119875256076 
1 -0 0 4.3268864195721375e-17 -1 
1 2.2204392868861172e-16 1.4791081911125968e-31 4.440878573772229e-16 -1 
1 8.653772839144275e-17 -2 1 0 
1 0 0 -0.99524210397355295 0.097432820334297815 
1 8.8817571475444579e-16 -2 1 0 
1 0 0 -0.0024679924837110795 0.99999695450191273 
1 4.6333921919991322e-31 3.5527136788005009e-15 -8.6945597288952706e-17 -1 
1 4.0000121820294554 2.6645352591003773e-15 4.440878573772229e-16 -1 
1 -1.7389119457790541e-16 -2 1 0 
1 -0.0098720000000014352 4.0000000000000009 -0.98064702829624606 -0.19578407977601656 
1 6.7837038282344713 2.667993907034699e-15 -8.6945597288952706e-17 -1 
1 2.0100260349361156 1.3322676295501875e-15 4.418740873315869e-16 -1 
1 2.2093704366579372e-16 1.469301611038748e-31 4.418740873315869e-16 -1 
1 6.8956105982654146 4.4754785778438508e-16 4.3268864195721375e-17 -1 
1 8.8374817466317379e-16 -2 1 0 
1 -6.8628020000000021 0.67185878851607406 0.099755424315372945 0.9950119875256076 
1 -0 0 4.3268864195721375e-17 -1 
1 2.2204392868861172e-16 1.4791081911125968e-31 4.440878573772229e-16 -1 
1 8.653772839144275e-17 -2 1 0 
1 0 0 -0.99524210397355295 0.097432820334297815 
1 8.8817571475444579e-16 -2 1 0 
1 0 0 -0.0024679924837110795 0.99999695450191273 
1 2.2204392868861172e-16 1.4791081911125968e-31 4.440878573772229e-16 -1 
1 -0 0 4.3268864195721375e-17 -1 
1 8.8817571475444579e-16 -2 1 0 
1 0 0 -0.0024679924837110795 0.99999695450191273 
1 4.0000121820294554 2.6645352591003773e-15 4.440878573772229e-16 -1 
1 4.6333921919991322e-31 3.5527136788005009e-15 -8.6945597288952706e-17 -1 
1 -1.7389119457790541e-16 -2 1 0 
1 -0.0098720000000014352 4.0000000000000009 -0.98064702829624606 -0.19578407977601656 
1 6.7837038282344713 2.667993907034699e-15 -8.6945597288952706e-17 -1 
1 2.0100260349361156 1.3322676295501875e-15 4.418740873315869e-16 -1 
1 2.2093704366579372e-16 1.469301611038748e-31 4.418740873315869e-16 -1 
1 6.8956105982654146 4.4754785778438508e-16 4.3268864195721375e-17 -1 
1 8.8374817466317379e-16 -2 1 0 
1 -6.8628020000000021 0.67185878851607406 0.099755424315372945 0.9950119875256076 
1 8.653772839144275e-17 -2 1 0 
1 0 0 -0.99524210397355295 0.097432820334297815 
1 2.2204392868861172e-16 1.4791081911125968e-31 4.440878573772229e-16 -1 
1 -0 0 4.3268864195721375e-17 -1 
1 8.8817571475444579e-16 -2 1 0 
1 0 0 -0.0024679924837110795 0.99999695450191273 
1 4.0000121820294554 2.6645352591003773e-15 4.440878573772229e-16 -1 
1 4.6333921919991322e-31 3.5527136788005009e-15 -8.6945597288952706e-17 -1 
1 -1.7389119457790541e-16 -2 1 0 
1 -0.0098720000000014352 4.0000000000000009 -0.98064702829624606 -0.19578407977601656 
1 6.7837038282344713 2.667993907034699e-15 -8.6945597288952706e-17 -1 
1 2.0100260349361156 1.3322676295501875e-15 4.418740873315869e-16 -1 
1 2.2093704366579372e-16 1.469301611038748e-31 4.418740873315869e-16 -1 
1 6.8956105982654146 4.4754785778438508e-16 4.3268864195721375e-17 -1 
1 8.8374817466317379e-16 -2 1 0 
1 -6.8628020000000021 0.67185878851607406 0.099755424315372945 0.9950119875256076 
1 8.653772839144275e-17 -2 1 0 
1 0 0 -0.99524210397355295 0.097432820334297815 
1 2.2204392868861172e-16 1.4791081911125968e-31 4.440878573772229e-16 -1 
1 -0 0 4.3268864195721375e-17 -1 
1 8.8817571475444579e-16 -2 1 0 
1 0 0 -0.0024679924837110795 0.99999695450191273 
1 4.0000121820294554 2.6645352591003773e-15 4.440878573772229e-16 -1 
1 4.6333921919991322e-31 3.5527136788005009e-15 -8.6945597288952706e-17 -1 
1 -1.7389119457790541e-16 -2 1 0 
1 -0.0098720000000014352 4.0000000000000009 -0.98064702829624606 -0.19578407977601656 
1 6.7837038282344713 2.667993907034699e-15 -8.6945597288952706e-17 -1 
1 2.0100260349361156 1.3322676295501875e-15 4.418740873315869e-16 -1 
1 2.2093704366579372e-16 1.469301611038748e-31 4.418740873315869e-16 -1 
1 6.8956105982654146 4.4754785778438508e-16 4.3268864195721375e-17 -1 
1 8.8374817466317379e-16 -2 1 0 
1 -6.8628020000000021 0.67185878851607406 0.099755424315372945 0.9950119875256076 
1 8.653772839144275e-17 -2 1 0 
1 0 0 -0.99524210397355295 0.097432820334297815 
1 2.2204392868861172e-16 1.4791081911125968e-31 4.440878573772229e-16 -1 
1 -0 0 4.3268864195721375e-17 -1 
1 8.8817571475444579e-16 -2 1 0 
1 0 0 -0.0024679924837110795 0.99999695450191273 
1 4.0000121820294554 2.6645352591003773e-15 4.440878573772229e-16 -1 
1 4.6333921919991322e-31 3.5527136788005009e-15 -8.6945597288952706e-17 -1 
1 -1.7389119457790541e-16 -2 1 0 
1 -0.0098720000000014352 4.0000000000000009 -0.98064702829624606 -0.19578407977601656 
1 6.7837038282344713 2.667993907034699e-15 -8.6945597288952706e-17 -1 
1 2.0100260349361156 1.3322676295501875e-15 4.418740873315869e-16 -1 
1 2.2093704366579372e-16 1.469301611038748e-31 4.418740873315869e-16 -1 
1 6.8956105982654146 4.4754785778438508e-16 4.3268864195721375e-17 -1 
1 8.8374817466317379e-16 -2 1 0 
1 -6.8628020000000021 0.67185878851607406 0.099755424315372945 0.9950119875256076 
1 8.653772839144275e-17 -2 1 0 
1 0 0 -0.99524210397355295 0.097432820334297815 
1 4.6333921919991322e-31 3.5527136788005009e-15 -8.6945597288952706e-17 -1 
1 4.0000121820294554 2.6645352591003773e-15 4.440878573772229e-16 -1 
1 -1.7389119457790541e-16 -2 1 0 
1 -0.0098720000000014352 4.0000000000000009 -0.98064702829624606 -0.19578407977601656 
1 6.7837038282344713 2.667993907034699e-15 -8.6945597288952706e-17 -1 
