DBRep_DrawableShape

CASCADE Topology V1, (c) Matra-Datavision
Locations 165
1
              1               0              -0               0 
             -0 2.22044604925031e-16              -1               0 
              0               1 2.22044604925031e-16               0 
1
              1               0              -0               0 
             -0 2.22044604925031e-16              -1               0 
              0               1 2.22044604925031e-16               0 
1
              1               0               0               0 
              0 -2.22044604925031e-16              -1               0 
              0               1 -2.22044604925031e-16               0 
1
              1               0               0               0 
              0               1               0               0 
              0               0               1               0 
2  2 1 3 -1 4 1 0
2  1 -1 4 -1 3 1 2 -1 0
1
             -1               0               0              -0 
              0              -1 4.44089209850063e-16 1.11022302462516e-14 
              0 4.44089209850063e-16               1              25 
2  7 1 3 -1 4 1 0
2  2 1 7 -1 0
2  3 1 7 -1 0
2  1 -1 4 -1 3 1 7 -1 0
1
-0.809016994374947 1.30514544126042e-16 0.587785252292473               0 
-1.30514544126042e-16               1 -4.01682463818653e-16               0 
-0.587785252292473 -4.01682463818653e-16 -0.809016994374947 7.88860905221012e-31 
2  7 1 3 -1 12 1 0
2  2 1 3 -1 4 1 12 -1 3 1 7 -1 0
2  1 -1 12 -1 3 1 7 -1 0
1
           -0.5 -1.92296268638356e-16 -0.866025403784438               0 
1.92296268638356e-16               1 -3.33066907387547e-16               0 
0.866025403784438 -3.33066907387547e-16            -0.5 7.88860905221012e-31 
2  7 1 3 -1 16 1 0
2  2 1 3 -1 4 1 16 -1 3 1 7 -1 0
2  1 -1 16 -1 3 1 7 -1 0
1
-0.309016994374947 -2.11176968422134e-16 -0.951056516295154               0 
2.11176968422134e-16               1 -2.90660161356137e-16               0 
0.951056516295154 -2.90660161356137e-16 -0.309016994374947 7.88860905221012e-31 
2  7 1 3 -1 20 1 0
2  2 1 3 -1 4 1 20 -1 3 1 7 -1 0
2  1 -1 20 -1 3 1 7 -1 0
1
-0.669130606358858 -1.65011299175209e-16 -0.743144825477394               0 
1.65011299175209e-16               1 -3.70621446057231e-16               0 
0.743144825477394 -3.70621446057231e-16 -0.669130606358858               0 
2  7 1 3 -1 24 1 0
2  2 1 3 -1 4 1 24 -1 3 1 7 -1 0
2  1 -1 24 -1 3 1 7 -1 0
1
0.104528463267653 -2.20828221346342e-16 -0.994521895368273               0 
2.20828221346342e-16               1 -1.98834623595345e-16               0 
0.994521895368273 -1.98834623595345e-16 0.104528463267653               0 
2  7 1 3 -1 28 1 0
2  2 1 3 -1 4 1 28 -1 3 1 7 -1 0
2  1 -1 28 -1 3 1 7 -1 0
1
0.669130606358858 -1.65011299175209e-16 -0.743144825477395               0 
1.65011299175209e-16               1 -7.34677637928321e-17               0 
0.743144825477395 -7.34677637928321e-17 0.669130606358858               0 
2  7 1 3 -1 32 1 0
2  2 1 3 -1 4 1 32 -1 3 1 7 -1 0
2  1 -1 32 -1 3 1 7 -1 0
1
0.499999999999999 -1.92296268638356e-16 -0.866025403784439               0 
1.92296268638356e-16               1 -1.11022302462516e-16               0 
0.866025403784439 -1.11022302462516e-16 0.499999999999999               0 
2  7 1 3 -1 36 1 0
2  2 1 3 -1 4 1 36 -1 3 1 7 -1 0
2  1 -1 36 -1 3 1 7 -1 0
1
0.913545457642601 9.03136772202995e-17 0.4067366430758               0 
-9.03136772202995e-17               1 -1.91967647017231e-17               0 
-0.4067366430758 -1.91967647017231e-17 0.913545457642601               0 
2  7 1 3 -1 40 1 0
2  2 1 3 -1 4 1 40 -1 3 1 7 -1 0
2  1 -1 40 -1 3 1 7 -1 0
1
0.309016994374947 -2.11176968422134e-16 -0.951056516295154               0 
2.11176968422134e-16               1 -1.53429048493926e-16               0 
0.951056516295154 -1.53429048493926e-16 0.309016994374947               0 
2  7 1 3 -1 44 1 0
2  2 1 3 -1 4 1 44 -1 3 1 7 -1 0
2  1 -1 44 -1 3 1 7 -1 0
1
-0.104528463267653 2.20828221346342e-16 0.994521895368273               0 
-2.20828221346342e-16               1 -2.45254586254718e-16               0 
-0.994521895368273 -2.45254586254718e-16 -0.104528463267653               0 
2  7 1 3 -1 48 1 0
2  2 1 3 -1 4 1 48 -1 3 1 7 -1 0
2  1 -1 48 -1 3 1 7 -1 0
1
           -0.5 1.92296268638356e-16 0.866025403784439               0 
-1.92296268638356e-16               1 -3.33066907387547e-16               0 
-0.866025403784439 -3.33066907387547e-16            -0.5               0 
2  7 1 3 -1 52 1 0
2  2 1 3 -1 4 1 52 -1 3 1 7 -1 0
2  1 -1 52 -1 3 1 7 -1 0
1
-0.669130606358858 1.65011299175209e-16 0.743144825477394               0 
-1.65011299175209e-16               1 -3.70621446057231e-16               0 
-0.743144825477394 -3.70621446057231e-16 -0.669130606358858               0 
2  7 1 3 -1 56 1 0
2  2 1 3 -1 4 1 56 -1 3 1 7 -1 0
2  1 -1 56 -1 3 1 7 -1 0
1
0.809016994374947 1.30514544126042e-16 0.587785252292473               0 
-1.30514544126042e-16               1 -4.24067460314098e-17               0 
-0.587785252292473 -4.24067460314098e-17 0.809016994374947               0 
2  7 1 3 -1 60 1 0
2  2 1 3 -1 4 1 60 -1 3 1 7 -1 0
2  1 -1 60 -1 3 1 7 -1 0
1
0.913545457642601 -9.03136772202997e-17 -0.406736643075801               0 
9.03136772202997e-17               1 -1.91967647017231e-17               0 
0.406736643075801 -1.91967647017231e-17 0.913545457642601               0 
2  7 1 3 -1 64 1 0
2  2 1 3 -1 4 1 64 -1 3 1 7 -1 0
2  1 -1 64 -1 3 1 7 -1 0
1
0.978147600733806 4.61656692469246e-17 0.207911690817759               0 
-4.61656692469246e-17               1 -4.85220736172616e-18               0 
-0.207911690817759 -4.85220736172616e-18 0.978147600733806               0 
2  7 1 3 -1 68 1 0
2  2 1 3 -1 4 1 68 -1 3 1 7 -1 0
2  1 -1 68 -1 3 1 7 -1 0
1
-0.809016994374947 -1.30514544126042e-16 -0.587785252292473               0 
1.30514544126042e-16               1 -4.01682463818653e-16               0 
0.587785252292473 -4.01682463818653e-16 -0.809016994374947 7.88860905221012e-31 
2  7 1 3 -1 72 1 0
2  2 1 3 -1 4 1 72 -1 3 1 7 -1 0
2  1 -1 72 -1 3 1 7 -1 0
1
-0.913545457642601 -9.03136772202994e-17 -0.4067366430758               0 
9.03136772202994e-17               1 -4.2489244514834e-16               0 
0.4067366430758 -4.2489244514834e-16 -0.913545457642601 -7.88860905221012e-31 
2  7 1 3 -1 76 1 0
2  2 1 3 -1 4 1 76 -1 3 1 7 -1 0
2  1 -1 76 -1 3 1 7 -1 0
1
-0.978147600733806 -4.61656692469246e-17 -0.207911690817759               0 
4.61656692469246e-17               1 -4.39237002488336e-16               0 
0.207911690817759 -4.39237002488336e-16 -0.978147600733806               0 
2  7 1 3 -1 80 1 0
2  2 1 3 -1 4 1 80 -1 3 1 7 -1 0
2  1 -1 80 -1 3 1 7 -1 0
1
             -1 2.71926214689378e-32 1.22464679914735e-16               0 
-2.71926214689378e-32               1 -4.44089209850063e-16               0 
-1.22464679914735e-16 -4.44089209850063e-16              -1               0 
2  7 1 3 -1 84 1 0
2  2 1 3 -1 4 1 84 -1 3 1 7 -1 0
2  1 -1 84 -1 3 1 7 -1 0
1
-0.913545457642601 9.03136772202996e-17 0.4067366430758               0 
-9.03136772202996e-17               1 -4.2489244514834e-16               0 
-0.4067366430758 -4.2489244514834e-16 -0.913545457642601               0 
2  7 1 3 -1 88 1 0
2  2 1 3 -1 4 1 88 -1 3 1 7 -1 0
2  1 -1 88 -1 3 1 7 -1 0
1
-0.104528463267654 -2.20828221346342e-16 -0.994521895368273               0 
2.20828221346342e-16               1 -2.45254586254718e-16               0 
0.994521895368273 -2.45254586254718e-16 -0.104528463267654               0 
2  7 1 3 -1 92 1 0
2  2 1 3 -1 4 1 92 -1 3 1 7 -1 0
2  1 -1 92 -1 3 1 7 -1 0
1
0.978147600733806 -4.61656692469247e-17 -0.20791169081776               0 
4.61656692469247e-17               1 -4.85220736172618e-18               0 
0.20791169081776 -4.85220736172618e-18 0.978147600733806               0 
2  7 1 3 -1 96 1 0
2  2 1 3 -1 4 1 96 -1 3 1 7 -1 0
2  1 -1 96 -1 3 1 7 -1 0
1
            0.5 1.92296268638356e-16 0.866025403784439               0 
-1.92296268638356e-16               1 -1.11022302462516e-16               0 
-0.866025403784439 -1.11022302462516e-16             0.5               0 
2  7 1 3 -1 100 1 0
2  2 1 3 -1 4 1 100 -1 3 1 7 -1 0
2  1 -1 100 -1 3 1 7 -1 0
1
0.669130606358858 1.65011299175209e-16 0.743144825477394               0 
-1.65011299175209e-16               1 -7.3467763792832e-17               0 
-0.743144825477394 -7.3467763792832e-17 0.669130606358858               0 
2  7 1 3 -1 104 1 0
2  2 1 3 -1 4 1 104 -1 3 1 7 -1 0
2  1 -1 104 -1 3 1 7 -1 0
1
0.809016994374947 -1.30514544126042e-16 -0.587785252292473               0 
1.30514544126042e-16               1 -4.24067460314098e-17               0 
0.587785252292473 -4.24067460314098e-17 0.809016994374947               0 
2  7 1 3 -1 108 1 0
2  2 1 3 -1 4 1 108 -1 3 1 7 -1 0
2  1 -1 108 -1 3 1 7 -1 0
1
0.309016994374947 2.11176968422134e-16 0.951056516295154               0 
-2.11176968422134e-16               1 -1.53429048493925e-16               0 
-0.951056516295154 -1.53429048493925e-16 0.309016994374947               0 
2  7 1 3 -1 112 1 0
2  2 1 3 -1 4 1 112 -1 3 1 7 -1 0
2  1 -1 112 -1 3 1 7 -1 0
1
0.104528463267654 2.20828221346342e-16 0.994521895368273               0 
-2.20828221346342e-16               1 -1.98834623595345e-16               0 
-0.994521895368273 -1.98834623595345e-16 0.104528463267654               0 
2  7 1 3 -1 116 1 0
2  2 1 3 -1 4 1 116 -1 3 1 7 -1 0
2  1 -1 116 -1 3 1 7 -1 0
1
-0.978147600733806 4.61656692469247e-17 0.20791169081776               0 
-4.61656692469247e-17               1 -4.39237002488336e-16               0 
-0.20791169081776 -4.39237002488336e-16 -0.978147600733806               0 
2  7 1 3 -1 120 1 0
2  2 1 3 -1 4 1 120 -1 3 1 7 -1 0
2  1 -1 120 -1 3 1 7 -1 0
1
-0.309016994374947 2.11176968422134e-16 0.951056516295154               0 
-2.11176968422134e-16               1 -2.90660161356137e-16               0 
-0.951056516295154 -2.90660161356137e-16 -0.309016994374947 7.88860905221012e-31 
2  7 1 3 -1 124 1 0
2  2 1 3 -1 4 1 124 -1 3 1 7 -1 0
2  1 -1 124 -1 3 1 7 -1 0
1
              1               0              -0               0 
             -0 2.22044604925031e-16              -1               0 
              0               1 2.22044604925031e-16               0 
1
              1               0               0               0 
              0 -2.22044604925031e-16              -1               0 
              0               1 -2.22044604925031e-16               0 
2  128 1 129 -1 0
2  129 1 128 -1 0
2  1 -1 4 -1 3 1 2 -1 129 1 128 -1 0
2  7 1 3 -1 0
2  1 -1 4 -1 0
2  2 1 3 -1 0
2  1 -1 12 -1 0
2  1 -1 0
2  1 -1 16 -1 0
2  1 -1 20 -1 0
2  1 -1 24 -1 0
2  1 -1 28 -1 0
2  1 -1 32 -1 0
2  1 -1 36 -1 0
2  1 -1 40 -1 0
2  1 -1 44 -1 0
2  1 -1 48 -1 0
2  1 -1 52 -1 0
2  1 -1 56 -1 0
2  1 -1 60 -1 0
2  1 -1 64 -1 0
2  1 -1 68 -1 0
2  1 -1 72 -1 0
2  1 -1 76 -1 0
2  1 -1 80 -1 0
2  1 -1 84 -1 0
2  1 -1 88 -1 0
2  1 -1 92 -1 0
2  1 -1 96 -1 0
2  1 -1 100 -1 0
2  1 -1 104 -1 0
2  1 -1 108 -1 0
2  1 -1 112 -1 0
2  1 -1 116 -1 0
2  1 -1 120 -1 0
2  1 -1 124 -1 0
Curve2ds 744
2 0 0 -1 1.0107072353030085e-16 1.0107072353030085e-16 1 34
1 0 0 1 0 
2 0 0 -1 -7.5129610021048739e-31 -7.5129610021048739e-31 1 21
1 0 0 1 0 
1 -33.610691000000003 0.9264926040590088 0.0024679924837108153 -0.99999695450191273 
1 0 0 1 -9.8607613152626454e-32 
1 -33.610691000000003 0.9264926040590088 0.99524210397355406 -0.097432820334287421 
1 0 0 1 3.6977854932234928e-32 
1 -33.600819000000001 -3.0735073959409909 0.98064702829624406 0.19578407977602669 
1 0 0 1 -7.3955709864469857e-32 
1 -26.747889000000004 0.25463381554300701 -0.099755424315373237 -0.9950119875256076 
1 0 0 1 0 
1 26.647041522661173 -20.505416751005779 -0.74789820075032731 0.66381343863650677 
1 -0 0 1 0 
1 26.647041522661173 -20.505416751005779 0.58578681433229995 0.81046518009993229 
1 -0 0 1 0 
1 28.9901959160626 -17.263546157495355 -0.90843910610095291 0.41801721317010576 
1 0 0 1 0 
1 21.48982676314359 -15.928017768272877 0.66555720567399523 0.74634684026625531 
1 0 0 1 0 
1 17.607711631533505 28.644465942719499 -0.58200034955863555 -0.81318853478982733 
1 -0 0 1 0 
1 17.607711631533505 28.644465942719499 -0.86725676254758299 0.49786113306371405 
1 -0 0 1 0 
1 14.138674016395754 30.635916539933337 -0.32076952740552428 -0.94715727853827769 
1 0 0 1 0 
1 13.594463852922807 23.037034463834843 -0.81182794610953435 0.58389672538521331 
1 0 0 1 0 
1 11.267421540074675 31.67936473291595 -0.95181627147380854 0.30666885293048157 
1 -0 0 1 0 
1 7.460144859125589 32.90604388048687 -0.11683487236898901 -0.99315135432547352 
1 0 0 1 0 
1 8.5077234141959845 25.360067954244144 -0.91548651313348706 0.40234866008312958 
1 0 0 1 0 
1 11.267421540074675 31.67936473291595 -0.40021084232524567 -0.91642309098217145 
1 -0 0 1 0 
1 20.199275274264199 27.026852639146949 -0.510685014871471 -0.85976788471408128 
1 0 0 1 0 
1 18.087060987801781 19.707172023399963 -0.67268860225790172 0.73992570194061413 
1 0 0 1 0 
1 23.17846023351975 24.357666539428632 -0.73835364876878473 -0.67441373751564571 
1 -0 0 1 0 
1 23.17846023351975 24.357666539428632 -0.74479397153836402 0.66729449267928986 
1 -0 0 1 0 
1 -2.591856698960493 33.523412966088507 -0.99426089109206484 -0.10698261748907273 
1 -0 0 1 0 
1 -6.5689123754442083 33.095481192866814 0.29721708097758431 -0.9548099322771858 
1 0 0 1 0 
1 -2.5426768279650838 26.627977746814889 -0.99998848895441883 -0.0047981203255535307 
1 0 0 1 0 
1 -2.591856698960493 33.523412966088507 0.0071320545576893093 -0.99997456657546357 
1 -0 0 1 0 
1 -21.801423864420684 25.597555655310643 -0.74149115292413559 -0.67096264436646269 
1 -0 0 1 0 
1 -24.767397508984288 22.913696904158094 0.8016768664642856 -0.59775764468219417 
1 0 0 1 0 
1 -17.708601382977079 20.047938582187484 -0.8061874173773641 -0.59166024715407062 
1 0 0 1 0 
1 -21.801423864420684 25.597555655310643 0.59354025624259532 -0.80480430181471718 
1 -0 0 1 0 
1 -16.002979368466491 29.570958546778517 -0.86478877006387289 -0.50213582143819824 
1 -0 0 1 0 
1 -19.462144983604247 27.562409143992358 0.65987750089071984 -0.75137319876225173 
1 0 0 1 0 
1 -13.153425147077188 23.291668279377859 -0.91158337042490811 -0.4111152621403939 
1 0 0 1 0 
1 -16.002979368466491 29.570958546778517 0.41324175441491845 -0.91062135512411546 
1 -0 0 1 0 
1 -31.081732582888566 -12.824306518820435 0.40899002768312187 -0.91253885246369615 
1 -0 0 1 0 
1 -29.445767489827517 -16.474473045250395 0.81623307887496321 0.5777227370895992 
1 0 0 1 0 
1 -24.538981400826035 -10.646727015672601 0.31357672086782612 -0.94956286791859201 
1 0 0 1 0 
1 -31.081732582888566 -12.824306518820435 0.94882840160788107 0.31579212197620382 
1 -0 0 1 0 
1 -13.30630333270766 31.006511845121157 0.48923832208466966 -0.87215013856776813 
1 0 0 1 0 
1 -8.0233811151134464 25.517440306934791 -0.9771387559225555 -0.21260256742128195 
1 0 0 1 0 
1 -9.5051278832955131 32.251968652549806 0.2148826049653674 -0.97663988556852321 
1 -0 0 1 0 
1 -9.5051278832955131 32.251968652549806 -0.95029096823489612 -0.31136325359808248 
1 -0 0 1 0 
1 2.5918566989605045 -33.523412966088486 0.99426089109206484 0.10698261748907306 
1 -0 0 1 0 
1 6.5689123754442198 -33.095481192866792 -0.29721708097758465 0.9548099322771858 
1 0 0 1 0 
1 2.5426768279650926 -26.627977746814867 0.99998848895441872 0.0047981203255538628 
1 0 0 1 0 
1 2.5918566989605045 -33.523412966088486 -0.0071320545576896424 0.99997456657546357 
1 -0 0 1 0 
1 16.002979368466505 -29.570958546778488 -0.41324175441491895 0.91062135512411513 
1 -0 0 1 0 
1 16.002979368466505 -29.570958546778488 0.86478877006387256 0.50213582143819868 
1 -0 0 1 0 
1 19.462144983604261 -27.562409143992326 -0.65987750089072017 0.75137319876225139 
1 0 0 1 0 
1 13.153425147077199 -23.291668279377834 0.91158337042490789 0.41111526214039446 
1 0 0 1 0 
1 21.801423864420684 -25.597555655310618 -0.59354025624259543 0.80480430181471707 
1 -0 0 1 0 
1 21.801423864420684 -25.597555655310618 0.74149115292413548 0.67096264436646269 
1 -0 0 1 0 
1 24.767397508984288 -22.913696904158069 -0.8016768664642856 0.59775764468219406 
1 0 0 1 0 
1 17.708601382977079 -20.047938582187459 0.80618741737736399 0.59166024715407062 
1 0 0 1 0 
1 -25.377071275770668 -22.236585588802072 0.67828111664895008 0.73480250870383779 
1 0 0 1 0 
1 -21.789166766165856 -15.516011600039235 0.50414953856955369 -0.86361637476376407 
1 0 0 1 0 
1 -27.736198900709027 -19.006320227312916 0.86243735051383996 0.50616382371586766 
1 -0 0 1 0 
1 -27.736198900709027 -19.006320227312916 0.58978011005492337 -0.80756388093054443 
1 -0 0 1 0 
1 -30.328055599669526 14.517092738775606 0.86956940507152947 -0.49381074285959642 
1 -0 0 1 0 
1 -30.328055599669526 14.517092738775606 -0.40448078103714241 -0.91454649841961744 
1 -0 0 1 0 
1 -31.945983651214881 10.85889560406476 0.97549819762653456 -0.22000742357334852 
1 0 0 1 0 
1 -24.331843594130941 11.111966146775659 -0.49583895038486586 -0.86841449508931767 
1 0 0 1 0 
1 -33.06884540449537 -6.0818090776053095 0.21032511854967348 -0.97763149729694476 
1 -0 0 1 0 
1 -32.227542368109894 -9.9923469763287791 0.91851173883327486 0.39539370964327969 
1 0 0 1 0 
1 -26.216324797173073 -5.312129372056658 0.1092990957561233 -0.9940089072372007 
1 0 0 1 0 
1 -33.06884540449537 -6.0818090776053095 0.99375109856784127 0.11161878916745457 
1 -0 0 1 0 
1 27.736198900709027 19.00632022731293 -0.58978011005492326 0.80756388093054454 
1 -0 0 1 0 
1 25.377071275770668 22.236585588802086 -0.67828111664895008 -0.73480250870383768 
1 0 0 1 0 
1 21.789166766165856 15.516011600039255 -0.50414953856955358 0.86361637476376407 
1 0 0 1 0 
1 27.736198900709027 19.00632022731293 -0.86243735051383996 -0.50616382371586754 
1 -0 0 1 0 
1 31.081732582888581 12.824306518820443 -0.40899002768312143 0.91253885246369626 
1 -0 0 1 0 
1 29.445767489827528 16.474473045250406 -0.81623307887496344 -0.57772273708959898 
1 0 0 1 0 
1 24.538981400826046 10.646727015672612 -0.31357672086782573 0.94956286791859212 
1 0 0 1 0 
1 31.081732582888581 12.824306518820443 -0.94882840160788129 -0.31579212197620338 
1 -0 0 1 0 
1 33.06884540449537 6.0818090776053237 -0.21032511854967323 0.97763149729694476 
1 -0 0 1 0 
1 32.227542368109894 9.9923469763287915 -0.91851173883327497 -0.39539370964327947 
1 0 0 1 0 
1 26.216324797173073 5.3121293720566731 -0.10929909575612305 0.9940089072372007 
1 0 0 1 0 
1 33.06884540449537 6.0818090776053237 -0.99375109856784127 -0.11161878916745432 
1 -0 0 1 0 
1 33.610691000000003 -0.9264926040589907 -0.99524210397355406 0.097432820334287545 
1 -0 0 1 0 
1 33.610691000000003 -0.9264926040589907 -0.002467992483710693 0.99999695450191273 
1 -0 0 1 0 
1 33.600819000000001 3.0735073959410091 -0.98064702829624406 -0.19578407977602658 
1 0 0 1 0 
1 26.747889000000004 -0.25463381554298808 0.099755424315373362 0.9950119875256076 
1 0 0 1 0 
1 30.328055599669533 -14.51709273877557 0.40448078103714191 0.91454649841961766 
1 -0 0 1 0 
1 31.945983651214888 -10.858895604064722 -0.97549819762653467 0.22000742357334796 
1 0 0 1 0 
1 24.331843594130945 -11.111966146775625 0.49583895038486536 0.86841449508931801 
1 0 0 1 0 
1 30.328055599669533 -14.51709273877557 -0.86956940507152969 0.49381074285959592 
1 -0 0 1 0 
1 4.4346910602274177 33.329723269826239 -0.9947768420154216 0.10207367236376449 
1 -0 0 1 0 
1 0.45557157376494578 33.738019202745775 0.09220602722598914 -0.99573995025970519 
1 0 0 1 0 
1 3.0491546376824674 26.574744783945505 -0.9791339265418213 0.20321602765233732 
1 0 0 1 0 
1 4.4346910602274177 33.329723269826239 -0.20093020085755456 -0.97960556061271054 
1 -0 0 1 0 
1 -32.683588116815258 7.8943021131211992 -0.2054969966965324 -0.97865774627737234 
1 -0 0 1 0 
1 -33.505578606971859 3.9796592059742242 0.99992333695614033 -0.012382253853687197 
1 0 0 1 0 
1 -26.110442102915236 5.810268283534846 -0.304450153664654 -0.95252826936189594 
1 0 0 1 0 
1 -32.683588116815258 7.8943021131211992 0.95323625373415177 -0.30222614805287756 
1 -0 0 1 0 
1 -17.607711631533494 -28.644465942719489 0.86725676254758322 -0.49786113306371371 
1 -0 0 1 0 
1 -14.138674016395742 -30.635916539933326 0.32076952740552395 0.94715727853827791 
1 0 0 1 0 
1 -13.594463852922798 -23.037034463834832 0.81182794610953457 -0.58389672538521298 
1 0 0 1 0 
1 -17.607711631533494 -28.644465942719489 0.58200034955863522 0.81318853478982767 
1 -0 0 1 0 
1 -23.178460233519743 -24.357666539428614 0.73835364876878451 0.67441373751564582 
1 -0 0 1 0 
1 -23.178460233519743 -24.357666539428614 0.74479397153836413 -0.66729449267928964 
1 -0 0 1 0 
1 -20.199275274264192 -27.026852639146931 0.51068501487147078 0.85976788471408139 
1 0 0 1 0 
1 -18.087060987801777 -19.707172023399941 0.67268860225790195 -0.73992570194061402 
1 0 0 1 0 
1 -28.990195916062596 17.26354615749538 0.90843910610095291 -0.41801721317010587 
1 0 0 1 0 
1 -21.489826763143586 15.928017768272902 -0.66555720567399546 -0.7463468402662552 
1 0 0 1 0 
1 -26.647041522661169 20.5054167510058 0.7478982007503272 -0.66381343863650688 
1 -0 0 1 0 
1 -26.647041522661169 20.5054167510058 -0.58578681433230007 -0.81046518009993218 
1 -0 0 1 0 
1 -7.460144859125589 -32.906043880486848 0.11683487236898901 0.99315135432547352 
1 0 0 1 0 
1 -8.5077234141959845 -25.360067954244123 0.91548651313348706 -0.40234866008312958 
1 0 0 1 0 
1 -11.267421540074675 -31.679364732915928 0.40021084232524567 0.91642309098217145 
1 -0 0 1 0 
1 -11.267421540074675 -31.679364732915928 0.95181627147380854 -0.30666885293048157 
1 -0 0 1 0 
1 -4.4346910602273999 -33.329723269826218 0.200930200857554 0.97960556061271065 
1 -0 0 1 0 
1 -4.4346910602273999 -33.329723269826218 0.9947768420154216 -0.10207367236376394 
1 -0 0 1 0 
1 -0.45557157376492713 -33.738019202745754 -0.092206027225989709 0.99573995025970519 
1 0 0 1 0 
1 -3.0491546376824528 -26.574744783945484 0.97913392654182141 -0.20321602765233676 
1 0 0 1 0 
1 32.683588116815265 -7.8943021131211726 0.20549699669653224 0.97865774627737234 
1 -0 0 1 0 
1 33.505578606971859 -3.9796592059741975 -0.99992333695614033 0.01238225385368703 
1 0 0 1 0 
1 26.110442102915236 -5.8102682835348203 0.30445015366465389 0.95252826936189605 
1 0 0 1 0 
1 32.683588116815265 -7.8943021131211726 -0.95323625373415188 0.30222614805287745 
1 -0 0 1 0 
1 9.5051278832955219 -32.251968652549785 0.95029096823489612 0.3113632535980827 
1 -0 0 1 0 
1 13.306303332707667 -31.006511845121135 -0.48923832208466989 0.87215013856776802 
1 0 0 1 0 
1 8.0233811151134535 -25.51744030693477 0.9771387559225555 0.21260256742128217 
1 0 0 1 0 
1 9.5051278832955219 -32.251968652549785 -0.2148826049653676 0.9766398855685231 
1 -0 0 1 0 
1 0 25 1 0 
2 0 0 1 0 -0 1 34
1 6.2831853071795862 0 0 1 
1 0 0 0 1 
1 0 5 1 0 
2 0 0 1 -9.766849302736337e-31 9.766849302736337e-31 1 21
1 6.2831853071795862 0 0 1 
1 0 0 0 1 
1 4.0000121820294483 3.5527136788005009e-15 4.4408785737722383e-16 -1 
1 6.1778562559991786e-31 3.5527136788005009e-15 -8.6945597288957525e-17 -1 
8 -3.4952918244355313 0.50472035759394118
1 0.50472035759394107 -25.000000000000004 -1 -5.9164567891575877e-31 
8 -3.4952918244355313 0.50472035759394118
1 33.609445353951088 0.42177378358994272 0.0024679924837110795 0.99999695450191273 
1 -1.1102196434430586e-16 -9.8607312843786556e-32 4.4408785737722383e-16 -1 
1 0 0 4.3268864195716753e-17 -1 
1 6.8956105982654048 5.9673047704578173e-16 4.3268864195716753e-17 -1 
1 -5.523426091644843e-17 -4.9058491920047059e-32 4.4187408733158783e-16 -1 
8 9.8749122088732495 16.770522807138661
1 16.770522807138661 -25 -1 -6.1629758220391547e-32 
8 9.8749122088732495 16.770522807138661
1 16.919960596686849 -0.70750673152101795 0.99524210397355406 0.097432820334287185 
1 6.783703828234481 2.3730873164460315e-15 -8.6945597288957525e-17 -1 
1 2.0100260349361134 1.7763568394002501e-15 4.4187408733158783e-16 -1 
8 9.9924397307000561 16.77614355893455
1 16.776143558934546 -24.999999999999996 -1 1.2325951644078309e-31 
8 9.9924397307000561 16.77614355893455
1 17.149343672659661 0.21099443293551112 0.98064702829624395 -0.19578407977602696 
8 -3.2174676938565496 -1.2074416589204136
1 -1.2074416589204136 -25 -1 -5.9164567891575885e-31 
8 -3.2174676938565496 -1.2074416589204136
1 26.627440144978337 1.4560527404066175 -0.099755424315372945 0.9950119875256076 
1 6.8956105982654083 4.4754785778433647e-16 4.3268864195716747e-17 -1 
1 -5.523426091644843e-17 -3.673254027596875e-32 4.4187408733158778e-16 -1 
8 9.8749122088732602 16.770522807138672
1 16.770522807138672 -25.000000000000011 -1 -3.3806124964765571e-16 
8 9.8749122088732602 16.770522807138672
1 -14.104397689559837 -9.3729183386671053 -0.74789820075032742 -0.66381343863650666 
1 -0 0 4.3268864195716747e-17 -1 
1 -1.1102196434430586e-16 -7.3955409555629937e-32 4.4408785737722378e-16 -1 
1 4.0000121820294492 2.6645352591003765e-15 4.4408785737722378e-16 -1 
1 4.6333921919993853e-31 3.5527136788005009e-15 -8.6945597288957513e-17 -1 
8 -3.4952918244355207 0.50472035759395184
1 0.50472035759395173 -25.000000000000011 -1 -8.0400669881879126e-16 
8 -3.4952918244355207 0.50472035759395184
1 -26.94270005306479 -20.096358475488309 0.58578681433229962 -0.8104651800999324 
1 6.7837038282344846 2.6679939070346485e-15 -8.6945597288957513e-17 -1 
1 2.0100260349361139 1.332267629550188e-15 4.4187408733158778e-16 -1 
8 9.9924397307000596 16.776143558934553
1 16.77614355893455 -25.000000000000007 -1 -9.8691336611479733e-17 
8 9.9924397307000596 16.776143558934553
1 -13.750091057562834 -10.250829379247921 -0.90843910610095302 -0.41801721317010565 
8 -3.2174676938565376 -1.2074416589204018
1 -1.2074416589204018 -25.000000000000011 -1 -7.733186658995199e-16 
8 -3.2174676938565376 -1.2074416589204018
1 -20.686205266618149 -16.829188035213981 0.66555720567399501 -0.74634684026625564 
1 6.8956105982654083 4.4754785778433647e-16 4.3268864195716747e-17 -1 
1 -5.523426091644843e-17 -3.673254027596875e-32 4.4187408733158778e-16 -1 
8 9.8749122088732459 16.770522807138658
1 16.770522807138658 -24.999999999999993 -1 3.1785938967822759e-16 
8 9.8749122088732459 16.770522807138658
1 -7.8472614954977331 15.006869073523029 -0.58200034955863522 0.81318853478982744 
1 -0 0 4.3268864195716747e-17 -1 
1 -1.1102196434430586e-16 -7.3955409555629937e-32 4.4408785737722378e-16 -1 
1 4.0000121820294492 2.6645352591003765e-15 4.4408785737722378e-16 -1 
1 4.6333921919993853e-31 3.5527136788005009e-15 -8.6945597288957513e-17 -1 
8 -3.4952918244355233 0.50472035759394895
1 0.50472035759394884 -24.999999999999989 -1 -6.6518261457454514e-16 
8 -3.4952918244355233 0.50472035759394895
1 -17.169989488214721 28.895746591831539 -0.8672567625475831 -0.49786113306371393 
1 6.7837038282344846 2.6679939070346485e-15 -8.6945597288957513e-17 -1 
1 2.0100260349361139 1.332267629550188e-15 4.4187408733158778e-16 -1 
8 9.9924397307000525 16.776143558934546
1 16.776143558934542 -24.999999999999989 -1 5.0756792471875675e-16 
8 9.9924397307000525 16.776143558934546
1 -8.7573983753090818 14.746270062285438 -0.320769527405524 0.9471572785382778 
8 -3.2174676938565421 -1.207441658920406
1 -1.207441658920406 -24.999999999999993 -1 -7.0117632274194577e-16 
8 -3.2174676938565421 -1.207441658920406
1 -14.574698734931255 22.332013233097527 -0.81182794610953446 -0.5838967253852132 
1 4.0000121820294492 2.6645352591003765e-15 4.4408785737722378e-16 -1 
1 4.6333921919993853e-31 3.5527136788005009e-15 -8.6945597288957513e-17 -1 
8 -3.4952918244355251 0.50472035759394707
1 0.50472035759394696 -24.999999999999989 -1 -5.8027618596074613e-16 
8 -3.4952918244355251 0.50472035759394707
1 -10.787020491172679 31.834146746029944 -0.95181627147380865 -0.30666885293048135 
1 -1.1102196434430586e-16 -7.3955409555629937e-32 4.4408785737722378e-16 -1 
1 -0 0 4.3268864195716747e-17 -1 
1 6.7837038282344846 2.6679939070346485e-15 -8.6945597288957513e-17 -1 
1 2.0100260349361139 1.332267629550188e-15 4.4187408733158778e-16 -1 
8 9.9924397307000525 16.776143558934546
1 16.776143558934542 -24.999999999999993 -1 5.279933974928762e-16 
8 9.9924397307000525 16.776143558934546
1 -5.5001062675736296 16.244794184572459 -0.11683487236898875 0.99315135432547352 
8 -3.2174676938565421 -1.207441658920406
1 -1.207441658920406 -24.999999999999989 -1 -6.2055278587213611e-16 
8 -3.2174676938565421 -1.207441658920406
1 -9.6131199683331428 24.874255420648957 -0.91548651313348706 -0.40234866008312942 
1 -5.523426091644843e-17 -3.673254027596875e-32 4.4187408733158778e-16 -1 
1 6.8956105982654083 4.4754785778433647e-16 4.3268864195716747e-17 -1 
8 9.8749122088732459 16.770522807138658
1 16.770522807138658 -24.999999999999993 -1 3.6370474216690758e-16 
8 9.8749122088732459 16.770522807138658
1 -4.5556764811949657 16.310470384610934 -0.4002108423252454 0.91642309098217156 
1 6.7837038282344846 2.6679939070346485e-15 -8.6945597288957513e-17 -1 
1 2.0100260349361139 1.332267629550188e-15 4.4187408733158778e-16 -1 
8 9.9924397307000525 16.776143558934546
1 16.776143558934542 -24.999999999999993 -1 4.6875923786609337e-16 
8 9.9924397307000525 16.776143558934546
1 -11.631950151383773 12.60326317782204 -0.51068501487147067 0.85976788471408139 
1 4.6333921919993853e-31 3.5527136788005009e-15 -8.6945597288957513e-17 -1 
1 4.0000121820294492 2.6645352591003765e-15 4.4408785737722378e-16 -1 
8 -3.2174676938565403 -1.207441658920404
1 -1.207441658920404 -24.999999999999993 -1 -7.7046710765414766e-16 
8 -3.2174676938565403 -1.207441658920404
1 -18.899293229648915 18.813754906370932 -0.67268860225790195 -0.73992570194061402 
1 -5.523426091644843e-17 -3.673254027596875e-32 4.4187408733158778e-16 -1 
1 6.8956105982654083 4.4754785778433647e-16 4.3268864195716747e-17 -1 
8 9.8749122088732495 16.770522807138661
1 16.770522807138661 -24.999999999999993 -1 2.5623099960963385e-16 
8 9.8749122088732495 16.770522807138661
1 -10.795883527108796 13.047395572974866 -0.7383536487687844 0.67441373751564593 
1 -0 0 4.3268864195716747e-17 -1 
1 -1.1102196434430586e-16 -7.3955409555629937e-32 4.4408785737722378e-16 -1 
8 -3.4952918244355193 0.50472035759395306
1 0.50472035759395295 -24.999999999999989 -1 -7.4042614136846757e-16 
8 -3.4952918244355193 0.50472035759395306
1 -22.802547553871086 24.694463654394191 -0.74479397153836413 -0.66729449267928964 
1 4.0000121820294492 2.6645352591003765e-15 4.4408785737722378e-16 -1 
1 4.6333921919993853e-31 3.5527136788005009e-15 -8.6945597288957513e-17 -1 
8 -3.4952918244355264 0.50472035759394596
1 0.50472035759394585 -24.999999999999982 -1 -3.9657803130880986e-16 
8 -3.4952918244355264 0.50472035759394596
1 3.0936804114541525 33.469416661133081 -0.99426089109206484 0.10698261748907301 
1 -1.1102196434430586e-16 -7.3955409555629937e-32 4.4408785737722378e-16 -1 
1 -0 0 4.3268864195716747e-17 -1 
1 6.7837038282344846 2.6679939070346485e-15 -8.6945597288957513e-17 -1 
1 2.0100260349361139 1.332267629550188e-15 4.4187408733158778e-16 -1 
8 9.9924397307000525 16.776143558934546
1 16.776143558934542 -24.999999999999989 -1 5.1096638567092438e-16 
8 9.9924397307000525 16.776143558934546
1 1.5827559567967855 17.077452697488177 0.29721708097758459 0.95480993227718569 
8 -3.2174676938565443 -1.2074416589204082
1 -1.2074416589204082 -24.999999999999989 -1 -4.3974329386744711e-16 
8 -3.2174676938565443 -1.2074416589204082
1 1.3352490679606439 26.633771197180469 -0.99998848895441872 0.0047981203255537961 
1 -5.523426091644843e-17 -3.673254027596875e-32 4.4187408733158778e-16 -1 
1 6.8956105982654083 4.4754785778433647e-16 4.3268864195716747e-17 -1 
8 9.8749122088732459 16.770522807138658
1 16.770522807138658 -24.999999999999996 -1 4.0080905094493933e-16 
8 9.8749122088732459 16.770522807138658
1 2.4722484153390116 16.753316690776099 0.0071320545576895739 0.99997456657546357 
1 4.0000121820294492 2.6645352591003765e-15 4.4408785737722378e-16 -1 
1 4.6333921919993853e-31 3.5527136788005009e-15 -8.6945597288957513e-17 -1 
8 -3.4952918244355278 0.50472035759394485
1 0.50472035759394474 -24.999999999999989 -1 -1.4612058680161285e-16 
8 -3.4952918244355278 0.50472035759394485
1 22.175669544277298 25.258907149513814 -0.74149115292413526 0.67096264436646291 
1 -1.1102196434430586e-16 -7.3955409555629937e-32 4.4408785737722378e-16 -1 
1 -0 0 4.3268864195716747e-17 -1 
1 6.7837038282344846 2.6679939070346485e-15 -8.6945597288957513e-17 -1 
1 2.0100260349361139 1.332267629550188e-15 4.4187408733158778e-16 -1 
8 9.9924397307000525 16.776143558934546
1 16.776143558934542 -24.999999999999996 -1 3.5240331739770738e-16 
8 9.9924397307000525 16.776143558934546
1 11.318351309302642 12.885628843519008 0.8016768664642856 0.59775764468219406 
8 -3.2174676938565456 -1.2074416589204096
1 -1.2074416589204096 -24.999999999999989 -1 -1.7912415567324395e-16 
8 -3.2174676938565456 -1.2074416589204096
1 16.735177110338192 20.762333812528453 -0.80618741737736388 0.59166024715407084 
1 -5.523426091644843e-17 -3.673254027596875e-32 4.4187408733158778e-16 -1 
1 6.8956105982654083 4.4754785778433647e-16 4.3268864195716747e-17 -1 
8 9.8749122088732459 16.770522807138658
1 16.770522807138658 -24.999999999999996 -1 3.1413604228111204e-16 
8 9.8749122088732459 16.770522807138658
1 11.847443460149321 12.100566756443612 0.59354025624259543 0.80480430181471707 
1 4.0000121820294492 2.6645352591003765e-15 4.4408785737722378e-16 -1 
1 4.6333921919993853e-31 3.5527136788005009e-15 -8.6945597288957513e-17 -1 
8 -3.4952918244355282 0.50472035759394429
1 0.50472035759394418 -24.999999999999989 -1 -2.210947571973222e-16 
8 -3.4952918244355282 0.50472035759394429
1 16.439455865736356 29.317520375421502 -0.86478877006387278 0.50213582143819857 
1 -1.1102196434430586e-16 -7.3955409555629937e-32 4.4408785737722378e-16 -1 
1 -0 0 4.3268864195716747e-17 -1 
1 6.7837038282344846 2.6679939070346485e-15 -8.6945597288957513e-17 -1 
1 2.0100260349361139 1.332267629550188e-15 4.4187408733158778e-16 -1 
8 9.9924397307000525 16.776143558934546
1 16.776143558934542 -24.999999999999989 -1 4.2062232742979966e-16 
8 9.9924397307000525 16.776143558934546
1 8.3919452973505813 14.957264495220953 0.65987750089071984 0.75137319876225162 
8 -3.2174676938565479 -1.2074416589204118
1 -1.2074416589204118 -24.999999999999993 -1 -2.5930223541035887e-16 
8 -3.2174676938565479 -1.2074416589204118
1 12.052741410047073 23.78806597350415 -0.911583370424908 0.41111526214039423 
1 -5.523426091644843e-17 -3.673254027596875e-32 4.4187408733158778e-16 -1 
1 6.8956105982654083 4.4754785778433647e-16 4.3268864195716747e-17 -1 
8 9.8749122088732495 16.770522807138661
1 16.770522807138661 -24.999999999999993 -1 3.6112825387394462e-16 
8 9.8749122088732495 16.770522807138661
1 9.072699101189114 14.29936234200202 0.41324175441491862 0.91062135512411535 
1 4.0000121820294492 2.6645352591003765e-15 4.4408785737722378e-16 -1 
1 4.6333921919993853e-31 3.5527136788005009e-15 -8.6945597288957513e-17 -1 
8 -3.4952918244355304 0.50472035759394174
1 0.50472035759394163 -25.000000000000004 -1 -3.8839199429138441e-17 
8 -3.4952918244355304 0.50472035759394174
1 30.875306989863986 -13.284883454754288 0.40899002768312198 0.91253885246369604 
1 -1.1102196434430586e-16 -7.3955409555629937e-32 4.4408785737722378e-16 -1 
1 -0 0 4.3268864195716747e-17 -1 
1 6.7837038282344846 2.6679939070346485e-15 -8.6945597288957513e-17 -1 
1 2.0100260349361139 1.332267629550188e-15 4.4187408733158778e-16 -1 
8 9.9924397307000596 16.776143558934553
1 16.77614355893455 -25 -1 -1.6961483653757806e-16 
8 9.9924397307000596 16.776143558934553
1 15.752524181069983 -6.7825134705746901 0.81623307887496299 -0.57772273708959954 
8 -3.2174676938565483 -1.2074416589204124
1 -1.2074416589204124 -25.000000000000007 -1 -2.0183463614661178e-17 
8 -3.2174676938565483 -1.2074416589204124
1 24.917606996869509 -9.5001852511837601 0.3135767208678264 0.94956286791859201 
1 -5.523426091644843e-17 -3.673254027596875e-32 4.4187408733158778e-16 -1 
1 6.8956105982654083 4.4754785778433647e-16 4.3268864195716747e-17 -1 
8 9.8749122088732531 16.770522807138665
1 16.770522807138665 -25 -1 -1.8350873812100376e-16 
8 9.8749122088732531 16.770522807138665
1 15.169384233662669 -7.5283075349038091 0.94882840160788096 -0.31579212197620415 
1 6.7837038282344846 2.6679939070346485e-15 -8.6945597288957513e-17 -1 
1 2.0100260349361139 1.332267629550188e-15 4.4187408733158778e-16 -1 
8 9.992439730700049 16.776143558934542
1 16.776143558934539 -24.999999999999989 -1 4.7425806319613996e-16 
8 9.992439730700049 16.776143558934542
1 5.0987710068829912 16.375195915563616 0.48923832208466977 0.87215013856776802 
1 4.6333921919993853e-31 3.5527136788005009e-15 -8.6945597288957513e-17 -1 
1 4.0000121820294492 2.6645352591003765e-15 4.4408785737722378e-16 -1 
8 -3.2174676938565461 -1.20744165892041
1 -1.20744165892041 -24.999999999999989 -1 -3.4745958115337603e-16 
8 -3.2174676938565461 -1.20744165892041
1 6.8435430746668899 25.774145503632681 -0.97713875592255539 0.21260256742128225 
1 -5.523426091644843e-17 -3.673254027596875e-32 4.4187408733158778e-16 -1 
1 6.8956105982654083 4.4754785778433647e-16 4.3268864195716747e-17 -1 
8 9.8749122088732495 16.770522807138661
1 16.770522807138661 -24.999999999999993 -1 3.9044637089446397e-16 
8 9.8749122088732495 16.770522807138661
1 5.9014342558664579 15.8732071772616 0.2148826049653676 0.9766398855685231 
1 -0 0 4.3268864195716747e-17 -1 
1 -1.1102196434430586e-16 -7.3955409555629937e-32 4.4408785737722378e-16 -1 
8 -3.4952918244355273 0.50472035759394496
1 0.50472035759394485 -24.999999999999989 -1 -3.0581479611050662e-16 
8 -3.4952918244355273 0.50472035759394496
1 9.9847590806013251 32.094817279852172 -0.95029096823489601 0.31136325359808281 
1 4.0000121820294492 2.6645352591003765e-15 4.4408785737722378e-16 -1 
1 4.6333921919993853e-31 3.5527136788005009e-15 -8.6945597288957513e-17 -1 
8 -3.4952918244355242 0.50472035759394807
1 0.50472035759394795 -25.000000000000014 -1 -4.915976834456378e-16 
8 -3.4952918244355242 0.50472035759394807
1 -3.0936804114541658 -33.469416661133081 0.99426089109206472 -0.10698261748907333 
1 -1.1102196434430586e-16 -7.3955409555629937e-32 4.4408785737722378e-16 -1 
1 -0 0 4.3268864195716747e-17 -1 
1 6.7837038282344846 2.6679939070346485e-15 -8.6945597288957513e-17 -1 
1 2.0100260349361139 1.332267629550188e-15 4.4187408733158778e-16 -1 
8 9.9924397307000632 16.776143558934557
1 16.776143558934553 -25.000000000000007 -1 -3.3707519109300926e-16 
8 9.9924397307000632 16.776143558934557
1 -1.5827559567967873 -17.07745269748817 -0.29721708097758492 -0.95480993227718569 
8 -3.2174676938565443 -1.2074416589204082
1 -1.2074416589204082 -25.000000000000011 -1 -4.4400488079572865e-16 
8 -3.2174676938565443 -1.2074416589204082
1 -1.3352490679606528 -26.633771197180465 0.99998848895441872 -0.0047981203255541283 
1 -5.523426091644843e-17 -3.673254027596875e-32 4.4187408733158778e-16 -1 
1 6.8956105982654083 4.4754785778433647e-16 4.3268864195716747e-17 -1 
8 9.8749122088732566 16.770522807138668
1 16.770522807138668 -25.000000000000011 -1 -4.8734677933637294e-16 
8 9.8749122088732566 16.770522807138668
1 -2.4722484153390178 -16.753316690776092 -0.0071320545576899069 -0.99997456657546357 
1 6.8956105982654083 4.4754785778433647e-16 4.3268864195716747e-17 -1 
1 -5.523426091644843e-17 -3.673254027596875e-32 4.4187408733158778e-16 -1 
8 9.8749122088732566 16.770522807138668
1 16.770522807138668 -25.000000000000011 -1 -4.4766598226537794e-16 
8 9.8749122088732566 16.770522807138668
1 -9.0726991011891158 -14.299362342002008 -0.41324175441491912 -0.91062135512411513 
1 -0 0 4.3268864195716747e-17 -1 
1 -1.1102196434430586e-16 -7.3955409555629937e-32 4.4408785737722378e-16 -1 
1 4.0000121820294492 2.6645352591003765e-15 4.4408785737722378e-16 -1 
1 4.6333921919993853e-31 3.5527136788005009e-15 -8.6945597288957513e-17 -1 
8 -3.4952918244355233 0.50472035759394884
1 0.50472035759394873 -25.000000000000018 -1 -6.6708095755712537e-16 
8 -3.4952918244355233 0.50472035759394884
1 -16.439455865736374 -29.317520375421488 0.86478877006387245 -0.50213582143819901 
1 6.7837038282344846 2.6679939070346485e-15 -8.6945597288957513e-17 -1 
